N=32
X: 
12 2 7 12 10 14 14 15 9 11 2 7 7 12 11 2 11 12 11 12 7 11 2 7 12 11 12 7 12 7 7 12 
E: 
0 5 8 3 6 0 0 0 0 0 0 0 0 0 0 0 0 0 0 0 0 0 0 0 0 0 0 0 0 0 0 0 
5 0 1 0 0 0 0 0 0 0 0 0 0 0 0 0 0 0 0 0 0 0 0 0 0 0 0 0 0 0 0 0 
8 1 0 6 1 0 0 0 0 0 0 0 0 0 0 0 0 0 0 0 0 0 0 0 0 0 0 0 0 0 0 0 
3 0 6 0 5 8 3 6 0 0 0 0 0 0 0 0 0 0 0 0 0 0 0 0 0 0 0 0 0 0 0 0 
6 0 1 5 0 1 0 0 0 0 0 0 0 0 0 0 0 0 0 0 0 0 0 0 0 0 0 0 0 0 0 0 
0 0 0 8 1 0 6 1 0 0 0 0 0 0 0 0 0 0 0 0 0 0 0 0 0 0 0 0 0 0 0 0 
0 0 0 3 0 6 0 5 8 3 6 0 0 0 0 0 0 0 0 0 0 0 0 0 0 0 0 0 0 0 0 0 
0 0 0 6 0 1 5 0 1 0 0 0 0 0 0 0 0 0 0 0 0 0 0 0 0 0 0 0 0 0 0 0 
0 0 0 0 0 0 8 1 0 6 1 0 0 0 0 0 0 0 0 0 0 0 0 0 0 0 0 0 0 0 0 0 
0 0 0 0 0 0 3 0 6 0 5 8 3 6 0 0 0 0 0 0 0 0 0 0 0 0 0 0 0 0 0 0 
0 0 0 0 0 0 6 0 1 5 0 1 0 0 0 0 0 0 0 0 0 0 0 0 0 0 0 0 0 0 0 0 
0 0 0 0 0 0 0 0 0 8 1 0 6 1 0 0 0 0 0 0 0 0 0 0 0 0 0 0 0 0 0 0 
0 0 0 0 0 0 0 0 0 3 0 6 0 5 3 6 0 0 0 0 0 0 0 0 0 0 0 0 0 0 0 0 
0 0 0 0 0 0 0 0 0 6 0 1 5 0 6 1 0 0 0 0 0 0 0 0 0 0 0 0 0 0 0 0 
0 0 0 0 0 0 0 0 0 0 0 0 3 6 0 5 3 6 0 0 0 0 0 0 0 0 0 0 0 0 0 0 
0 0 0 0 0 0 0 0 0 0 0 0 6 1 5 0 6 1 0 0 0 0 0 0 0 0 0 0 0 0 0 0 
0 0 0 0 0 0 0 0 0 0 0 0 0 0 3 6 0 5 3 6 0 0 0 0 0 0 0 0 0 0 0 0 
0 0 0 0 0 0 0 0 0 0 0 0 0 0 6 1 5 0 6 1 0 0 0 0 0 0 0 0 0 0 0 0 
0 0 0 0 0 0 0 0 0 0 0 0 0 0 0 0 3 6 0 5 3 0 0 0 0 0 0 0 0 0 0 0 
0 0 0 0 0 0 0 0 0 0 0 0 0 0 0 0 6 1 5 0 8 6 1 0 0 0 0 0 0 0 0 0 
0 0 0 0 0 0 0 0 0 0 0 0 0 0 0 0 0 0 3 8 0 3 6 0 0 0 0 0 0 0 0 0 
0 0 0 0 0 0 0 0 0 0 0 0 0 0 0 0 0 0 0 6 3 0 5 3 6 0 0 0 0 0 0 0 
0 0 0 0 0 0 0 0 0 0 0 0 0 0 0 0 0 0 0 1 6 5 0 6 1 0 0 0 0 0 0 0 
0 0 0 0 0 0 0 0 0 0 0 0 0 0 0 0 0 0 0 0 0 3 6 0 5 3 6 0 0 0 0 0 
0 0 0 0 0 0 0 0 0 0 0 0 0 0 0 0 0 0 0 0 0 6 1 5 0 6 1 0 0 0 0 0 
0 0 0 0 0 0 0 0 0 0 0 0 0 0 0 0 0 0 0 0 0 0 0 3 6 0 5 3 6 0 0 0 
0 0 0 0 0 0 0 0 0 0 0 0 0 0 0 0 0 0 0 0 0 0 0 6 1 5 0 6 1 0 0 0 
0 0 0 0 0 0 0 0 0 0 0 0 0 0 0 0 0 0 0 0 0 0 0 0 0 3 6 0 5 3 0 0 
0 0 0 0 0 0 0 0 0 0 0 0 0 0 0 0 0 0 0 0 0 0 0 0 0 6 1 5 0 8 6 1 
0 0 0 0 0 0 0 0 0 0 0 0 0 0 0 0 0 0 0 0 0 0 0 0 0 0 0 3 8 0 3 6 
0 0 0 0 0 0 0 0 0 0 0 0 0 0 0 0 0 0 0 0 0 0 0 0 0 0 0 0 6 3 0 5 
0 0 0 0 0 0 0 0 0 0 0 0 0 0 0 0 0 0 0 0 0 0 0 0 0 0 0 0 1 6 5 0 
R: 
1.0 0.0 0.0 0.0 0.0 0.0 0.5 0.0 1.0 0.0 1.0 
1.0 0.0 0.0 0.0 0.0 0.0 0.25 0.0 0.0 1.0 0.0 
0.0 0.0 0.0 1.0 0.0 0.0 0.25 0.0416666679084301 0.0 1.0 0.0 
0.0 0.0 1.0 0.0 0.0 0.0 0.5 0.0833333358168602 1.0 0.0 1.0 
0.0 0.0 1.0 0.0 0.0 0.0 0.25 0.0833333358168602 0.0 1.0 0.0 
0.0 0.0 0.0 1.0 0.0 0.0 0.25 0.125 0.0 1.0 0.0 
0.0 1.0 0.0 0.0 0.0 0.0 0.5 0.1666666716337204 1.0 0.0 1.0 
0.0 1.0 0.0 0.0 0.0 0.0 0.25 0.1666666716337204 0.0 1.0 0.0 
0.0 0.0 0.0 1.0 0.0 0.0 0.25 0.2083333283662796 0.0 1.0 0.0 
0.0 0.0 1.0 0.0 0.0 0.0 0.5 0.25 1.0 0.0 1.0 
0.0 0.0 1.0 0.0 0.0 0.0 0.25 0.25 0.0 1.0 0.0 
0.0 0.0 0.0 1.0 0.0 0.0 0.25 0.2916666567325592 0.0 1.0 0.0 
1.0 0.0 0.0 0.0 0.0 0.0 1.5 0.3333333432674408 1.0 0.0 1.0 
1.0 0.0 0.0 0.0 0.0 0.0 1.5 0.3333333432674408 0.0 1.0 0.0 
0.0 0.0 1.0 0.0 0.0 0.0 0.5 0.5833333134651184 1.0 0.0 1.0 
0.0 0.0 1.0 0.0 0.0 0.0 0.5 0.5833333134651184 0.0 1.0 0.0 
1.0 0.0 0.0 0.0 0.0 0.0 0.25 0.6666666865348816 1.0 0.0 1.0 
1.0 0.0 0.0 0.0 0.0 0.0 0.25 0.6666666865348816 0.0 1.0 0.0 
0.0 0.0 0.0 1.0 0.0 0.0 0.125 0.7083333134651184 1.0 0.0 1.0 
0.0 0.0 0.0 1.0 0.0 0.0 0.25 0.7083333134651184 0.0 1.0 0.0 
0.0 0.0 0.0 0.0 1.0 0.0 0.125 0.7291666865348816 1.0 0.0 1.0 
0.0 0.0 1.0 0.0 0.0 0.0 0.25 0.75 1.0 0.0 1.0 
0.0 0.0 1.0 0.0 0.0 0.0 0.25 0.75 0.0 1.0 0.0 
0.0 0.0 0.0 1.0 0.0 0.0 0.25 0.7916666865348816 1.0 0.0 1.0 
0.0 0.0 0.0 1.0 0.0 0.0 0.25 0.7916666865348816 0.0 1.0 0.0 
0.0 1.0 0.0 0.0 0.0 0.0 0.5 0.8333333134651184 1.0 0.0 1.0 
0.0 1.0 0.0 0.0 0.0 0.0 0.5 0.8333333134651184 0.0 1.0 0.0 
0.0 0.0 1.0 0.0 0.0 0.0 0.25 0.9166666865348816 1.0 0.0 1.0 
0.0 0.0 1.0 0.0 0.0 0.0 0.5 0.9166666865348816 0.0 1.0 0.0 
0.0 0.0 0.0 1.0 0.0 0.0 0.25 0.9583333134651184 1.0 0.0 1.0 
1.0 0.0 0.0 0.0 0.0 0.0 1.5 1.0 1.0 0.0 1.0 
1.0 0.0 0.0 0.0 0.0 0.0 1.5 1.0 0.0 1.0 0.0 
../../../SchenkerDiff/schenkerian_clusters/Chorale_39900/Chorale_39900_segment_07

N=19
X: 
11 2 7 2 10 7 6 2 7 2 10 14 2 11 7 10 14 7 12 
E: 
0 5 8 3 6 0 0 0 0 0 0 0 0 0 0 0 0 0 0 
5 0 1 0 0 0 0 0 0 0 0 0 0 0 0 0 0 0 0 
8 1 0 6 1 0 0 0 0 0 0 0 0 0 0 0 0 0 0 
3 0 6 0 5 8 3 6 0 0 0 0 0 0 0 0 0 0 0 
6 0 1 5 0 1 0 0 0 0 0 0 0 0 0 0 0 0 0 
0 0 0 8 1 0 6 1 0 0 0 0 0 0 0 0 0 0 0 
0 0 0 3 0 6 0 5 8 3 6 0 0 0 0 0 0 0 0 
0 0 0 6 0 1 5 0 1 0 0 0 0 0 0 0 0 0 0 
0 0 0 0 0 0 8 1 0 6 1 0 0 0 0 0 0 0 0 
0 0 0 0 0 0 3 0 6 0 5 8 3 6 0 0 0 0 0 
0 0 0 0 0 0 6 0 1 5 0 1 0 0 0 0 0 0 0 
0 0 0 0 0 0 0 0 0 8 1 0 6 1 0 0 0 0 0 
0 0 0 0 0 0 0 0 0 3 0 6 0 5 8 8 8 3 6 
0 0 0 0 0 0 0 0 0 6 0 1 5 0 1 0 0 0 0 
0 0 0 0 0 0 0 0 0 0 0 0 8 1 0 1 0 0 0 
0 0 0 0 0 0 0 0 0 0 0 0 8 0 1 0 1 0 0 
0 0 0 0 0 0 0 0 0 0 0 0 8 0 0 1 0 6 1 
0 0 0 0 0 0 0 0 0 0 0 0 3 0 0 0 6 0 5 
0 0 0 0 0 0 0 0 0 0 0 0 6 0 0 0 1 5 0 
R: 
1.0 0.0 0.0 0.0 0.0 0.0 0.5 0.0 1.0 0.0 1.0 
1.0 0.0 0.0 0.0 0.0 0.0 0.25 0.0 0.0 1.0 0.0 
0.0 0.0 0.0 1.0 0.0 0.0 0.25 0.0833333358168602 0.0 1.0 0.0 
0.0 0.0 1.0 0.0 0.0 0.0 0.5 0.1666666716337204 1.0 0.0 1.0 
0.0 0.0 1.0 0.0 0.0 0.0 0.25 0.1666666716337204 0.0 1.0 0.0 
0.0 0.0 0.0 1.0 0.0 0.0 0.25 0.25 0.0 1.0 0.0 
0.0 1.0 0.0 0.0 0.0 0.0 0.5 0.3333333432674408 1.0 0.0 1.0 
0.0 1.0 0.0 0.0 0.0 0.0 0.25 0.3333333432674408 0.0 1.0 0.0 
0.0 0.0 0.0 1.0 0.0 0.0 0.25 0.4166666567325592 0.0 1.0 0.0 
0.0 0.0 1.0 0.0 0.0 0.0 0.5 0.5 1.0 0.0 1.0 
0.0 0.0 1.0 0.0 0.0 0.0 0.25 0.5 0.0 1.0 0.0 
0.0 0.0 0.0 1.0 0.0 0.0 0.25 0.5833333134651184 0.0 1.0 0.0 
1.0 0.0 0.0 0.0 0.0 0.0 1.0 0.6666666865348816 1.0 0.0 1.0 
1.0 0.0 0.0 0.0 0.0 0.0 0.25 0.6666666865348816 0.0 1.0 0.0 
0.0 0.0 0.0 1.0 0.0 0.0 0.25 0.75 0.0 1.0 0.0 
0.0 0.0 1.0 0.0 0.0 0.0 0.25 0.8333333134651184 0.0 1.0 0.0 
0.0 0.0 0.0 1.0 0.0 0.0 0.25 0.9166666865348816 0.0 1.0 0.0 
0.0 1.0 0.0 0.0 0.0 0.0 1.0 1.0 1.0 0.0 1.0 
0.0 1.0 0.0 0.0 0.0 0.0 1.0 1.0 0.0 1.0 0.0 
../../../SchenkerDiff/schenkerian_clusters/Chorale_33700/Chorale_33700_segment_02

N=21
X: 
11 2 2 7 12 11 2 9 14 15 12 12 2 11 14 7 11 2 2 7 12 
E: 
0 5 8 3 6 0 0 0 0 0 0 0 0 0 0 0 0 0 0 0 0 
5 0 1 0 0 0 0 0 0 0 0 0 0 0 0 0 0 0 0 0 0 
8 1 0 6 1 0 0 0 0 0 0 0 0 0 0 0 0 0 0 0 0 
3 0 6 0 5 3 6 0 0 0 0 0 0 0 0 0 0 0 0 0 0 
6 0 1 5 0 6 1 0 0 0 0 0 0 0 0 0 0 0 0 0 0 
0 0 0 3 6 0 5 8 3 6 0 0 0 0 0 0 0 0 0 0 0 
0 0 0 6 1 5 0 1 0 0 0 0 0 0 0 0 0 0 0 0 0 
0 0 0 0 0 8 1 0 6 1 0 0 0 0 0 0 0 0 0 0 0 
0 0 0 0 0 3 0 6 0 5 3 6 0 0 0 0 0 0 0 0 0 
0 0 0 0 0 6 0 1 5 0 6 1 0 0 0 0 0 0 0 0 0 
0 0 0 0 0 0 0 0 3 6 0 5 8 8 3 6 0 0 0 0 0 
0 0 0 0 0 0 0 0 6 1 5 0 1 0 0 0 0 0 0 0 0 
0 0 0 0 0 0 0 0 0 0 8 1 0 1 0 0 0 0 0 0 0 
0 0 0 0 0 0 0 0 0 0 8 0 1 0 6 1 0 0 0 0 0 
0 0 0 0 0 0 0 0 0 0 3 0 0 6 0 5 3 6 0 0 0 
0 0 0 0 0 0 0 0 0 0 6 0 0 1 5 0 6 1 0 0 0 
0 0 0 0 0 0 0 0 0 0 0 0 0 0 3 6 0 5 8 3 6 
0 0 0 0 0 0 0 0 0 0 0 0 0 0 6 1 5 0 1 0 0 
0 0 0 0 0 0 0 0 0 0 0 0 0 0 0 0 8 1 0 6 1 
0 0 0 0 0 0 0 0 0 0 0 0 0 0 0 0 3 0 6 0 5 
0 0 0 0 0 0 0 0 0 0 0 0 0 0 0 0 6 0 1 5 0 
R: 
1.0 0.0 0.0 0.0 0.0 0.0 1.0 0.0 1.0 0.0 1.0 
1.0 0.0 0.0 0.0 0.0 0.0 0.5 0.0 0.0 1.0 0.0 
0.0 1.0 0.0 0.0 0.0 0.0 0.5 0.1111111119389534 0.0 1.0 0.0 
0.0 0.0 1.0 0.0 0.0 0.0 0.5 0.2222222238779068 1.0 0.0 1.0 
0.0 0.0 1.0 0.0 0.0 0.0 0.5 0.2222222238779068 0.0 1.0 0.0 
1.0 0.0 0.0 0.0 0.0 0.0 1.0 0.3333333432674408 1.0 0.0 1.0 
1.0 0.0 0.0 0.0 0.0 0.0 0.5 0.3333333432674408 0.0 1.0 0.0 
0.0 1.0 0.0 0.0 0.0 0.0 0.5 0.4444444477558136 0.0 1.0 0.0 
0.0 0.0 1.0 0.0 0.0 0.0 0.5 0.5555555820465088 1.0 0.0 1.0 
0.0 0.0 1.0 0.0 0.0 0.0 0.5 0.5555555820465088 0.0 1.0 0.0 
1.0 0.0 0.0 0.0 0.0 0.0 0.75 0.6666666865348816 1.0 0.0 1.0 
1.0 0.0 0.0 0.0 0.0 0.0 0.25 0.6666666865348816 0.0 1.0 0.0 
0.0 0.0 0.0 1.0 0.0 0.0 0.25 0.7222222089767456 0.0 1.0 0.0 
0.0 1.0 0.0 0.0 0.0 0.0 0.25 0.7777777910232544 0.0 1.0 0.0 
0.0 0.0 0.0 1.0 0.0 0.0 0.25 0.8333333134651184 1.0 0.0 1.0 
0.0 0.0 0.0 1.0 0.0 0.0 0.25 0.8333333134651184 0.0 1.0 0.0 
0.0 0.0 1.0 0.0 0.0 0.0 0.5 0.8888888955116272 1.0 0.0 1.0 
0.0 0.0 1.0 0.0 0.0 0.0 0.25 0.8888888955116272 0.0 1.0 0.0 
0.0 0.0 0.0 1.0 0.0 0.0 0.25 0.9444444179534912 0.0 1.0 0.0 
1.0 0.0 0.0 0.0 0.0 0.0 1.0 1.0 1.0 0.0 1.0 
1.0 0.0 0.0 0.0 0.0 0.0 1.0 1.0 0.0 1.0 0.0 
../../../SchenkerDiff/schenkerian_clusters/Chorale_26900/Chorale_26900_segment_07

N=15
X: 
10 12 14 2 7 6 10 14 8 6 10 2 14 10 12 
E: 
0 5 8 3 0 0 0 0 0 0 0 0 0 0 0 
5 0 1 0 0 0 0 0 0 0 0 0 0 0 0 
8 1 0 8 6 1 0 0 0 0 0 0 0 0 0 
3 0 8 0 3 6 0 0 0 0 0 0 0 0 0 
0 0 6 3 0 5 3 0 0 0 0 0 0 0 0 
0 0 1 6 5 0 8 6 1 0 0 0 0 0 0 
0 0 0 0 3 8 0 3 6 0 0 0 0 0 0 
0 0 0 0 0 6 3 0 5 8 3 6 0 0 0 
0 0 0 0 0 1 6 5 0 1 0 0 0 0 0 
0 0 0 0 0 0 0 8 1 0 6 1 0 0 0 
0 0 0 0 0 0 0 3 0 6 0 5 8 3 6 
0 0 0 0 0 0 0 6 0 1 5 0 1 0 0 
0 0 0 0 0 0 0 0 0 0 8 1 0 6 1 
0 0 0 0 0 0 0 0 0 0 3 0 6 0 5 
0 0 0 0 0 0 0 0 0 0 6 0 1 5 0 
R: 
1.0 0.0 0.0 0.0 0.0 0.0 0.75 0.0 1.0 0.0 1.0 
1.0 0.0 0.0 0.0 0.0 0.0 0.5 0.0 0.0 1.0 0.0 
0.0 0.0 1.0 0.0 0.0 0.0 0.5 0.1666666716337204 0.0 1.0 0.0 
0.0 0.0 0.0 1.0 0.0 0.0 0.25 0.25 1.0 0.0 1.0 
0.0 1.0 0.0 0.0 0.0 0.0 0.25 0.3333333432674408 1.0 0.0 1.0 
0.0 1.0 0.0 0.0 0.0 0.0 0.5 0.3333333432674408 0.0 1.0 0.0 
0.0 0.0 0.0 1.0 0.0 0.0 0.25 0.4166666567325592 1.0 0.0 1.0 
0.0 0.0 1.0 0.0 0.0 0.0 0.5 0.5 1.0 0.0 1.0 
0.0 0.0 1.0 0.0 0.0 0.0 0.25 0.5 0.0 1.0 0.0 
0.0 0.0 0.0 1.0 0.0 0.0 0.25 0.5833333134651184 0.0 1.0 0.0 
1.0 0.0 0.0 0.0 0.0 0.0 1.0 0.6666666865348816 1.0 0.0 1.0 
1.0 0.0 0.0 0.0 0.0 0.0 0.5 0.6666666865348816 0.0 1.0 0.0 
0.0 0.0 1.0 0.0 0.0 0.0 0.5 0.8333333134651184 0.0 1.0 0.0 
0.0 1.0 0.0 0.0 0.0 0.0 0.5 1.0 1.0 0.0 1.0 
0.0 1.0 0.0 0.0 0.0 0.0 0.5 1.0 0.0 1.0 0.0 
../../../SchenkerDiff/schenkerian_clusters/Chorale_29700/Chorale_29700_segment_02

N=18
X: 
12 10 14 7 10 2 7 9 10 2 10 14 7 12 10 2 7 12 
E: 
0 5 3 6 0 0 0 0 0 0 0 0 0 0 0 0 0 0 
5 0 6 1 0 0 0 0 0 0 0 0 0 0 0 0 0 0 
3 6 0 5 3 6 0 0 0 0 0 0 0 0 0 0 0 0 
6 1 5 0 6 1 0 0 0 0 0 0 0 0 0 0 0 0 
0 0 3 6 0 5 3 6 0 0 0 0 0 0 0 0 0 0 
0 0 6 1 5 0 6 1 0 0 0 0 0 0 0 0 0 0 
0 0 0 0 3 6 0 5 3 6 0 0 0 0 0 0 0 0 
0 0 0 0 6 1 5 0 6 1 0 0 0 0 0 0 0 0 
0 0 0 0 0 0 3 6 0 5 3 6 0 0 0 0 0 0 
0 0 0 0 0 0 6 1 5 0 6 1 0 0 0 0 0 0 
0 0 0 0 0 0 0 0 3 6 0 5 3 6 0 0 0 0 
0 0 0 0 0 0 0 0 6 1 5 0 6 1 0 0 0 0 
0 0 0 0 0 0 0 0 0 0 3 6 0 5 3 6 0 0 
0 0 0 0 0 0 0 0 0 0 6 1 5 0 6 1 0 0 
0 0 0 0 0 0 0 0 0 0 0 0 3 6 0 5 3 6 
0 0 0 0 0 0 0 0 0 0 0 0 6 1 5 0 6 1 
0 0 0 0 0 0 0 0 0 0 0 0 0 0 3 6 0 5 
0 0 0 0 0 0 0 0 0 0 0 0 0 0 6 1 5 0 
R: 
1.0 0.0 0.0 0.0 0.0 0.0 0.75 0.0 1.0 0.0 1.0 
1.0 0.0 0.0 0.0 0.0 0.0 0.75 0.0 0.0 1.0 0.0 
0.0 0.0 0.0 1.0 0.0 0.0 0.25 0.1875 1.0 0.0 1.0 
0.0 0.0 0.0 1.0 0.0 0.0 0.25 0.1875 0.0 1.0 0.0 
0.0 1.0 0.0 0.0 0.0 0.0 0.5 0.25 1.0 0.0 1.0 
0.0 1.0 0.0 0.0 0.0 0.0 0.5 0.25 0.0 1.0 0.0 
0.0 0.0 1.0 0.0 0.0 0.0 0.5 0.375 1.0 0.0 1.0 
0.0 0.0 1.0 0.0 0.0 0.0 0.5 0.375 0.0 1.0 0.0 
1.0 0.0 0.0 0.0 0.0 0.0 0.5 0.5 1.0 0.0 1.0 
1.0 0.0 0.0 0.0 0.0 0.0 0.5 0.5 0.0 1.0 0.0 
0.0 0.0 1.0 0.0 0.0 0.0 0.5 0.625 1.0 0.0 1.0 
0.0 0.0 1.0 0.0 0.0 0.0 0.5 0.625 0.0 1.0 0.0 
0.0 1.0 0.0 0.0 0.0 0.0 0.75 0.75 1.0 0.0 1.0 
0.0 1.0 0.0 0.0 0.0 0.0 0.75 0.75 0.0 1.0 0.0 
0.0 0.0 0.0 1.0 0.0 0.0 0.25 0.9375 1.0 0.0 1.0 
0.0 0.0 0.0 1.0 0.0 0.0 0.25 0.9375 0.0 1.0 0.0 
1.0 0.0 0.0 0.0 0.0 0.0 1.0 1.0 1.0 0.0 1.0 
1.0 0.0 0.0 0.0 0.0 0.0 1.0 1.0 0.0 1.0 0.0 
../../../SchenkerDiff/schenkerian_clusters/Chorale_41200/Chorale_41200_segment_05

N=8
X: 
10 2 7 14 12 14 10 2 
E: 
0 5 3 6 0 0 0 0 
5 0 6 1 0 0 0 0 
3 6 0 5 8 3 0 0 
6 1 5 0 1 0 0 0 
0 0 8 1 0 8 6 1 
0 0 3 0 8 0 3 6 
0 0 0 0 6 3 0 5 
0 0 0 0 1 6 5 0 
R: 
0.0 0.0 1.0 0.0 0.0 0.0 0.5 0.25 1.0 0.0 1.0 
0.0 0.0 1.0 0.0 0.0 0.0 0.5 0.25 0.0 1.0 0.0 
0.0 1.0 0.0 0.0 0.0 0.0 0.75 0.5 1.0 0.0 1.0 
0.0 1.0 0.0 0.0 0.0 0.0 0.5 0.5 0.0 1.0 0.0 
0.0 0.0 1.0 0.0 0.0 0.0 0.5 0.75 0.0 1.0 0.0 
0.0 0.0 0.0 1.0 0.0 0.0 0.25 0.875 1.0 0.0 1.0 
1.0 0.0 0.0 0.0 0.0 0.0 0.5 1.0 1.0 0.0 1.0 
1.0 0.0 0.0 0.0 0.0 0.0 0.5 1.0 0.0 1.0 0.0 
../../../SchenkerDiff/schenkerian_clusters/Chorale_42400/Chorale_42400_segment_03

N=20
X: 
12 10 12 12 14 10 10 2 7 10 2 7 10 2 8 12 2 8 7 6 
E: 
0 5 8 3 6 0 0 0 0 0 0 0 0 0 0 0 0 0 0 0 
5 0 1 0 0 0 0 0 0 0 0 0 0 0 0 0 0 0 0 0 
8 1 0 6 1 0 0 0 0 0 0 0 0 0 0 0 0 0 0 0 
3 0 6 0 5 8 3 6 0 0 0 0 0 0 0 0 0 0 0 0 
6 0 1 5 0 1 0 0 0 0 0 0 0 0 0 0 0 0 0 0 
0 0 0 8 1 0 6 1 0 0 0 0 0 0 0 0 0 0 0 0 
0 0 0 3 0 6 0 5 3 0 0 0 0 0 0 0 0 0 0 0 
0 0 0 6 0 1 5 0 8 6 1 0 0 0 0 0 0 0 0 0 
0 0 0 0 0 0 3 8 0 3 6 0 0 0 0 0 0 0 0 0 
0 0 0 0 0 0 0 6 3 0 5 3 0 0 0 0 0 0 0 0 
0 0 0 0 0 0 0 1 6 5 0 8 6 1 0 0 0 0 0 0 
0 0 0 0 0 0 0 0 0 3 8 0 3 6 0 0 0 0 0 0 
0 0 0 0 0 0 0 0 0 0 6 3 0 5 8 8 3 6 0 0 
0 0 0 0 0 0 0 0 0 0 1 6 5 0 1 0 0 0 0 0 
0 0 0 0 0 0 0 0 0 0 0 0 8 1 0 1 0 0 0 0 
0 0 0 0 0 0 0 0 0 0 0 0 8 0 1 0 6 1 0 0 
0 0 0 0 0 0 0 0 0 0 0 0 3 0 0 6 0 5 3 6 
0 0 0 0 0 0 0 0 0 0 0 0 6 0 0 1 5 0 6 1 
0 0 0 0 0 0 0 0 0 0 0 0 0 0 0 0 3 6 0 5 
0 0 0 0 0 0 0 0 0 0 0 0 0 0 0 0 6 1 5 0 
R: 
1.0 0.0 0.0 0.0 0.0 0.0 0.5 0.0 1.0 0.0 1.0 
1.0 0.0 0.0 0.0 0.0 0.0 0.25 0.0 0.0 1.0 0.0 
0.0 0.0 0.0 1.0 0.0 0.0 0.25 0.0833333358168602 0.0 1.0 0.0 
0.0 0.0 1.0 0.0 0.0 0.0 0.5 0.1666666716337204 1.0 0.0 1.0 
0.0 0.0 1.0 0.0 0.0 0.0 0.25 0.1666666716337204 0.0 1.0 0.0 
0.0 0.0 0.0 1.0 0.0 0.0 0.25 0.25 0.0 1.0 0.0 
0.0 1.0 0.0 0.0 0.0 0.0 0.25 0.3333333432674408 1.0 0.0 1.0 
0.0 1.0 0.0 0.0 0.0 0.0 0.5 0.3333333432674408 0.0 1.0 0.0 
0.0 0.0 0.0 1.0 0.0 0.0 0.25 0.4166666567325592 1.0 0.0 1.0 
0.0 0.0 1.0 0.0 0.0 0.0 0.25 0.5 1.0 0.0 1.0 
0.0 0.0 1.0 0.0 0.0 0.0 0.5 0.5 0.0 1.0 0.0 
0.0 0.0 0.0 1.0 0.0 0.0 0.25 0.5833333134651184 1.0 0.0 1.0 
1.0 0.0 0.0 0.0 0.0 0.0 0.75 0.6666666865348816 1.0 0.0 1.0 
1.0 0.0 0.0 0.0 0.0 0.0 0.25 0.6666666865348816 0.0 1.0 0.0 
0.0 0.0 0.0 1.0 0.0 0.0 0.25 0.75 0.0 1.0 0.0 
0.0 0.0 1.0 0.0 0.0 0.0 0.25 0.8333333134651184 0.0 1.0 0.0 
0.0 0.0 0.0 1.0 0.0 0.0 0.25 0.9166666865348816 1.0 0.0 1.0 
0.0 0.0 0.0 1.0 0.0 0.0 0.25 0.9166666865348816 0.0 1.0 0.0 
0.0 1.0 0.0 0.0 0.0 0.0 0.5 1.0 1.0 0.0 1.0 
0.0 1.0 0.0 0.0 0.0 0.0 0.5 1.0 0.0 1.0 0.0 
../../../SchenkerDiff/schenkerian_clusters/Chorale_34000/Chorale_34000_segment_08

N=15
X: 
7 12 10 14 7 6 14 2 10 14 10 12 8 7 12 
E: 
0 5 3 6 0 0 0 0 0 0 0 0 0 0 0 
5 0 6 1 0 0 0 0 0 0 0 0 0 0 0 
3 6 0 5 3 6 0 0 0 0 0 0 0 0 0 
6 1 5 0 6 1 0 0 0 0 0 0 0 0 0 
0 0 3 6 0 5 8 3 6 0 0 0 0 0 0 
0 0 6 1 5 0 1 0 0 0 0 0 0 0 0 
0 0 0 0 8 1 0 6 1 0 0 0 0 0 0 
0 0 0 0 3 0 6 0 5 8 3 6 0 0 0 
0 0 0 0 6 0 1 5 0 1 0 0 0 0 0 
0 0 0 0 0 0 0 8 1 0 6 1 0 0 0 
0 0 0 0 0 0 0 3 0 6 0 5 8 3 6 
0 0 0 0 0 0 0 6 0 1 5 0 1 0 0 
0 0 0 0 0 0 0 0 0 0 8 1 0 6 1 
0 0 0 0 0 0 0 0 0 0 3 0 6 0 5 
0 0 0 0 0 0 0 0 0 0 6 0 1 5 0 
R: 
1.0 0.0 0.0 0.0 0.0 0.0 0.5 0.0 1.0 0.0 1.0 
1.0 0.0 0.0 0.0 0.0 0.0 0.5 0.0 0.0 1.0 0.0 
0.0 0.0 1.0 0.0 0.0 0.0 0.5 0.1666666716337204 1.0 0.0 1.0 
0.0 0.0 1.0 0.0 0.0 0.0 0.5 0.1666666716337204 0.0 1.0 0.0 
0.0 1.0 0.0 0.0 0.0 0.0 0.5 0.3333333432674408 1.0 0.0 1.0 
0.0 1.0 0.0 0.0 0.0 0.0 0.25 0.3333333432674408 0.0 1.0 0.0 
0.0 0.0 0.0 1.0 0.0 0.0 0.25 0.4166666567325592 0.0 1.0 0.0 
0.0 0.0 1.0 0.0 0.0 0.0 0.5 0.5 1.0 0.0 1.0 
0.0 0.0 1.0 0.0 0.0 0.0 0.25 0.5 0.0 1.0 0.0 
0.0 0.0 0.0 1.0 0.0 0.0 0.25 0.5833333134651184 0.0 1.0 0.0 
1.0 0.0 0.0 0.0 0.0 0.0 1.0 0.6666666865348816 1.0 0.0 1.0 
1.0 0.0 0.0 0.0 0.0 0.0 0.5 0.6666666865348816 0.0 1.0 0.0 
0.0 0.0 1.0 0.0 0.0 0.0 0.5 0.8333333134651184 0.0 1.0 0.0 
0.0 1.0 0.0 0.0 0.0 0.0 0.5 1.0 1.0 0.0 1.0 
0.0 1.0 0.0 0.0 0.0 0.0 0.5 1.0 0.0 1.0 0.0 
../../../SchenkerDiff/schenkerian_clusters/Chorale_18806/Chorale_18806_segment_03

N=26
X: 
11 2 7 11 11 14 11 12 15 7 12 14 11 12 14 14 11 11 7 14 11 12 12 8 7 12 
E: 
0 5 8 3 6 0 0 0 0 0 0 0 0 0 0 0 0 0 0 0 0 0 0 0 0 0 
5 0 1 0 0 0 0 0 0 0 0 0 0 0 0 0 0 0 0 0 0 0 0 0 0 0 
8 1 0 6 1 0 0 0 0 0 0 0 0 0 0 0 0 0 0 0 0 0 0 0 0 0 
3 0 6 0 5 8 3 6 0 0 0 0 0 0 0 0 0 0 0 0 0 0 0 0 0 0 
6 0 1 5 0 1 0 0 0 0 0 0 0 0 0 0 0 0 0 0 0 0 0 0 0 0 
0 0 0 8 1 0 6 1 0 0 0 0 0 0 0 0 0 0 0 0 0 0 0 0 0 0 
0 0 0 3 0 6 0 5 8 3 6 0 0 0 0 0 0 0 0 0 0 0 0 0 0 0 
0 0 0 6 0 1 5 0 1 0 0 0 0 0 0 0 0 0 0 0 0 0 0 0 0 0 
0 0 0 0 0 0 8 1 0 6 1 0 0 0 0 0 0 0 0 0 0 0 0 0 0 0 
0 0 0 0 0 0 3 0 6 0 5 8 3 6 0 0 0 0 0 0 0 0 0 0 0 0 
0 0 0 0 0 0 6 0 1 5 0 1 0 0 0 0 0 0 0 0 0 0 0 0 0 0 
0 0 0 0 0 0 0 0 0 8 1 0 6 1 0 0 0 0 0 0 0 0 0 0 0 0 
0 0 0 0 0 0 0 0 0 3 0 6 0 5 8 3 6 0 0 0 0 0 0 0 0 0 
0 0 0 0 0 0 0 0 0 6 0 1 5 0 1 0 0 0 0 0 0 0 0 0 0 0 
0 0 0 0 0 0 0 0 0 0 0 0 8 1 0 6 1 0 0 0 0 0 0 0 0 0 
0 0 0 0 0 0 0 0 0 0 0 0 3 0 6 0 5 3 6 0 0 0 0 0 0 0 
0 0 0 0 0 0 0 0 0 0 0 0 6 0 1 5 0 6 1 0 0 0 0 0 0 0 
0 0 0 0 0 0 0 0 0 0 0 0 0 0 0 3 6 0 5 3 0 0 0 0 0 0 
0 0 0 0 0 0 0 0 0 0 0 0 0 0 0 6 1 5 0 8 6 1 0 0 0 0 
0 0 0 0 0 0 0 0 0 0 0 0 0 0 0 0 0 3 8 0 3 6 0 0 0 0 
0 0 0 0 0 0 0 0 0 0 0 0 0 0 0 0 0 0 6 3 0 5 8 8 3 6 
0 0 0 0 0 0 0 0 0 0 0 0 0 0 0 0 0 0 1 6 5 0 1 0 0 0 
0 0 0 0 0 0 0 0 0 0 0 0 0 0 0 0 0 0 0 0 8 1 0 1 0 0 
0 0 0 0 0 0 0 0 0 0 0 0 0 0 0 0 0 0 0 0 8 0 1 0 6 1 
0 0 0 0 0 0 0 0 0 0 0 0 0 0 0 0 0 0 0 0 3 0 0 6 0 5 
0 0 0 0 0 0 0 0 0 0 0 0 0 0 0 0 0 0 0 0 6 0 0 1 5 0 
R: 
1.0 0.0 0.0 0.0 0.0 0.0 0.5 0.0 1.0 0.0 1.0 
1.0 0.0 0.0 0.0 0.0 0.0 0.25 0.0 0.0 1.0 0.0 
0.0 0.0 0.0 1.0 0.0 0.0 0.25 0.0625 0.0 1.0 0.0 
0.0 0.0 1.0 0.0 0.0 0.0 0.5 0.125 1.0 0.0 1.0 
0.0 0.0 1.0 0.0 0.0 0.0 0.25 0.125 0.0 1.0 0.0 
0.0 0.0 0.0 1.0 0.0 0.0 0.25 0.1875 0.0 1.0 0.0 
0.0 1.0 0.0 0.0 0.0 0.0 0.5 0.25 1.0 0.0 1.0 
0.0 1.0 0.0 0.0 0.0 0.0 0.25 0.25 0.0 1.0 0.0 
0.0 0.0 0.0 1.0 0.0 0.0 0.25 0.3125 0.0 1.0 0.0 
0.0 0.0 1.0 0.0 0.0 0.0 0.5 0.375 1.0 0.0 1.0 
0.0 0.0 1.0 0.0 0.0 0.0 0.25 0.375 0.0 1.0 0.0 
0.0 0.0 0.0 1.0 0.0 0.0 0.25 0.4375 0.0 1.0 0.0 
1.0 0.0 0.0 0.0 0.0 0.0 0.5 0.5 1.0 0.0 1.0 
1.0 0.0 0.0 0.0 0.0 0.0 0.25 0.5 0.0 1.0 0.0 
0.0 0.0 0.0 1.0 0.0 0.0 0.25 0.5625 0.0 1.0 0.0 
0.0 0.0 1.0 0.0 0.0 0.0 0.25 0.625 1.0 0.0 1.0 
0.0 0.0 1.0 0.0 0.0 0.0 0.25 0.625 0.0 1.0 0.0 
0.0 0.0 0.0 1.0 0.0 0.0 0.125 0.6875 1.0 0.0 1.0 
0.0 0.0 0.0 1.0 0.0 0.0 0.25 0.6875 0.0 1.0 0.0 
0.0 0.0 0.0 0.0 1.0 0.0 0.125 0.71875 1.0 0.0 1.0 
0.0 1.0 0.0 0.0 0.0 0.0 1.0 0.75 1.0 0.0 1.0 
0.0 1.0 0.0 0.0 0.0 0.0 0.25 0.75 0.0 1.0 0.0 
0.0 0.0 0.0 1.0 0.0 0.0 0.25 0.8125 0.0 1.0 0.0 
0.0 0.0 1.0 0.0 0.0 0.0 0.5 0.875 0.0 1.0 0.0 
1.0 0.0 0.0 0.0 0.0 0.0 1.0 1.0 1.0 0.0 1.0 
1.0 0.0 0.0 0.0 0.0 0.0 1.0 1.0 0.0 1.0 0.0 
../../../SchenkerDiff/schenkerian_clusters/Chorale_15408/Chorale_15408_segment_02

N=15
X: 
2 8 7 12 10 14 10 12 14 8 7 6 10 7 12 
E: 
0 5 3 6 0 0 0 0 0 0 0 0 0 0 0 
5 0 6 1 0 0 0 0 0 0 0 0 0 0 0 
3 6 0 5 3 6 0 0 0 0 0 0 0 0 0 
6 1 5 0 6 1 0 0 0 0 0 0 0 0 0 
0 0 3 6 0 5 3 6 0 0 0 0 0 0 0 
0 0 6 1 5 0 6 1 0 0 0 0 0 0 0 
0 0 0 0 3 6 0 5 3 6 0 0 0 0 0 
0 0 0 0 6 1 5 0 6 1 0 0 0 0 0 
0 0 0 0 0 0 3 6 0 5 3 6 0 0 0 
0 0 0 0 0 0 6 1 5 0 6 1 0 0 0 
0 0 0 0 0 0 0 0 3 6 0 5 3 0 0 
0 0 0 0 0 0 0 0 6 1 5 0 8 6 1 
0 0 0 0 0 0 0 0 0 0 3 8 0 3 6 
0 0 0 0 0 0 0 0 0 0 0 6 3 0 5 
0 0 0 0 0 0 0 0 0 0 0 1 6 5 0 
R: 
1.0 0.0 0.0 0.0 0.0 0.0 0.5 0.0 1.0 0.0 1.0 
1.0 0.0 0.0 0.0 0.0 0.0 0.5 0.0 0.0 1.0 0.0 
0.0 0.0 1.0 0.0 0.0 0.0 0.25 0.25 1.0 0.0 1.0 
0.0 0.0 1.0 0.0 0.0 0.0 0.25 0.25 0.0 1.0 0.0 
0.0 0.0 0.0 1.0 0.0 0.0 0.25 0.375 1.0 0.0 1.0 
0.0 0.0 0.0 1.0 0.0 0.0 0.25 0.375 0.0 1.0 0.0 
0.0 1.0 0.0 0.0 0.0 0.0 0.25 0.5 1.0 0.0 1.0 
0.0 1.0 0.0 0.0 0.0 0.0 0.25 0.5 0.0 1.0 0.0 
0.0 0.0 0.0 1.0 0.0 0.0 0.25 0.625 1.0 0.0 1.0 
0.0 0.0 0.0 1.0 0.0 0.0 0.25 0.625 0.0 1.0 0.0 
0.0 0.0 1.0 0.0 0.0 0.0 0.25 0.75 1.0 0.0 1.0 
0.0 0.0 1.0 0.0 0.0 0.0 0.5 0.75 0.0 1.0 0.0 
0.0 0.0 0.0 1.0 0.0 0.0 0.25 0.875 1.0 0.0 1.0 
1.0 0.0 0.0 0.0 0.0 0.0 0.5 1.0 1.0 0.0 1.0 
1.0 0.0 0.0 0.0 0.0 0.0 0.5 1.0 0.0 1.0 0.0 
../../../SchenkerDiff/schenkerian_clusters/Chorale_24432/Chorale_24432_segment_03

N=19
X: 
7 14 2 11 7 7 11 2 14 12 6 11 2 14 12 11 2 7 12 
E: 
0 5 3 6 0 0 0 0 0 0 0 0 0 0 0 0 0 0 0 
5 0 6 1 0 0 0 0 0 0 0 0 0 0 0 0 0 0 0 
3 6 0 5 3 6 0 0 0 0 0 0 0 0 0 0 0 0 0 
6 1 5 0 6 1 0 0 0 0 0 0 0 0 0 0 0 0 0 
0 0 3 6 0 5 3 6 0 0 0 0 0 0 0 0 0 0 0 
0 0 6 1 5 0 6 1 0 0 0 0 0 0 0 0 0 0 0 
0 0 0 0 3 6 0 5 3 0 0 0 0 0 0 0 0 0 0 
0 0 0 0 6 1 5 0 8 6 1 0 0 0 0 0 0 0 0 
0 0 0 0 0 0 3 8 0 3 6 0 0 0 0 0 0 0 0 
0 0 0 0 0 0 0 6 3 0 5 3 6 0 0 0 0 0 0 
0 0 0 0 0 0 0 1 6 5 0 6 1 0 0 0 0 0 0 
0 0 0 0 0 0 0 0 0 3 6 0 5 3 6 0 0 0 0 
0 0 0 0 0 0 0 0 0 6 1 5 0 6 1 0 0 0 0 
0 0 0 0 0 0 0 0 0 0 0 3 6 0 5 3 6 0 0 
0 0 0 0 0 0 0 0 0 0 0 6 1 5 0 6 1 0 0 
0 0 0 0 0 0 0 0 0 0 0 0 0 3 6 0 5 3 6 
0 0 0 0 0 0 0 0 0 0 0 0 0 6 1 5 0 6 1 
0 0 0 0 0 0 0 0 0 0 0 0 0 0 0 3 6 0 5 
0 0 0 0 0 0 0 0 0 0 0 0 0 0 0 6 1 5 0 
R: 
1.0 0.0 0.0 0.0 0.0 0.0 0.5 0.0 1.0 0.0 1.0 
1.0 0.0 0.0 0.0 0.0 0.0 0.5 0.0 0.0 1.0 0.0 
0.0 1.0 0.0 0.0 0.0 0.0 0.5 0.1111111119389534 1.0 0.0 1.0 
0.0 1.0 0.0 0.0 0.0 0.0 0.5 0.1111111119389534 0.0 1.0 0.0 
0.0 0.0 1.0 0.0 0.0 0.0 0.5 0.2222222238779068 1.0 0.0 1.0 
0.0 0.0 1.0 0.0 0.0 0.0 0.5 0.2222222238779068 0.0 1.0 0.0 
1.0 0.0 0.0 0.0 0.0 0.0 0.75 0.3333333432674408 1.0 0.0 1.0 
1.0 0.0 0.0 0.0 0.0 0.0 1.0 0.3333333432674408 0.0 1.0 0.0 
0.0 0.0 0.0 1.0 0.0 0.0 0.25 0.5 1.0 0.0 1.0 
0.0 0.0 1.0 0.0 0.0 0.0 0.5 0.5555555820465088 1.0 0.0 1.0 
0.0 0.0 1.0 0.0 0.0 0.0 0.5 0.5555555820465088 0.0 1.0 0.0 
1.0 0.0 0.0 0.0 0.0 0.0 0.5 0.6666666865348816 1.0 0.0 1.0 
1.0 0.0 0.0 0.0 0.0 0.0 0.5 0.6666666865348816 0.0 1.0 0.0 
0.0 1.0 0.0 0.0 0.0 0.0 0.5 0.7777777910232544 1.0 0.0 1.0 
0.0 1.0 0.0 0.0 0.0 0.0 0.5 0.7777777910232544 0.0 1.0 0.0 
0.0 0.0 1.0 0.0 0.0 0.0 0.5 0.8888888955116272 1.0 0.0 1.0 
0.0 0.0 1.0 0.0 0.0 0.0 0.5 0.8888888955116272 0.0 1.0 0.0 
1.0 0.0 0.0 0.0 0.0 0.0 1.5 1.0 1.0 0.0 1.0 
1.0 0.0 0.0 0.0 0.0 0.0 1.5 1.0 0.0 1.0 0.0 
../../../SchenkerDiff/schenkerian_clusters/Chorale_12206/Chorale_12206_segment_04

N=25
X: 
7 12 12 10 10 7 14 10 12 7 14 7 12 10 12 14 10 12 7 14 7 12 12 2 2 
E: 
0 5 8 3 6 0 0 0 0 0 0 0 0 0 0 0 0 0 0 0 0 0 0 0 0 
5 0 1 0 0 0 0 0 0 0 0 0 0 0 0 0 0 0 0 0 0 0 0 0 0 
8 1 0 6 1 0 0 0 0 0 0 0 0 0 0 0 0 0 0 0 0 0 0 0 0 
3 0 6 0 5 3 6 0 0 0 0 0 0 0 0 0 0 0 0 0 0 0 0 0 0 
6 0 1 5 0 6 1 0 0 0 0 0 0 0 0 0 0 0 0 0 0 0 0 0 0 
0 0 0 3 6 0 5 3 6 0 0 0 0 0 0 0 0 0 0 0 0 0 0 0 0 
0 0 0 6 1 5 0 6 1 0 0 0 0 0 0 0 0 0 0 0 0 0 0 0 0 
0 0 0 0 0 3 6 0 5 3 6 0 0 0 0 0 0 0 0 0 0 0 0 0 0 
0 0 0 0 0 6 1 5 0 6 1 0 0 0 0 0 0 0 0 0 0 0 0 0 0 
0 0 0 0 0 0 0 3 6 0 5 3 6 0 0 0 0 0 0 0 0 0 0 0 0 
0 0 0 0 0 0 0 6 1 5 0 6 1 0 0 0 0 0 0 0 0 0 0 0 0 
0 0 0 0 0 0 0 0 0 3 6 0 5 3 6 0 0 0 0 0 0 0 0 0 0 
0 0 0 0 0 0 0 0 0 6 1 5 0 6 1 0 0 0 0 0 0 0 0 0 0 
0 0 0 0 0 0 0 0 0 0 0 3 6 0 5 3 0 0 0 0 0 0 0 0 0 
0 0 0 0 0 0 0 0 0 0 0 6 1 5 0 8 6 1 0 0 0 0 0 0 0 
0 0 0 0 0 0 0 0 0 0 0 0 0 3 8 0 3 6 0 0 0 0 0 0 0 
0 0 0 0 0 0 0 0 0 0 0 0 0 0 6 3 0 5 3 6 0 0 0 0 0 
0 0 0 0 0 0 0 0 0 0 0 0 0 0 1 6 5 0 6 1 0 0 0 0 0 
0 0 0 0 0 0 0 0 0 0 0 0 0 0 0 0 3 6 0 5 3 6 0 0 0 
0 0 0 0 0 0 0 0 0 0 0 0 0 0 0 0 6 1 5 0 6 1 0 0 0 
0 0 0 0 0 0 0 0 0 0 0 0 0 0 0 0 0 0 3 6 0 5 8 3 6 
0 0 0 0 0 0 0 0 0 0 0 0 0 0 0 0 0 0 6 1 5 0 1 0 0 
0 0 0 0 0 0 0 0 0 0 0 0 0 0 0 0 0 0 0 0 8 1 0 6 1 
0 0 0 0 0 0 0 0 0 0 0 0 0 0 0 0 0 0 0 0 3 0 6 0 5 
0 0 0 0 0 0 0 0 0 0 0 0 0 0 0 0 0 0 0 0 6 0 1 5 0 
R: 
1.0 0.0 0.0 0.0 0.0 0.0 0.5 0.0 1.0 0.0 1.0 
1.0 0.0 0.0 0.0 0.0 0.0 0.25 0.0 0.0 1.0 0.0 
0.0 0.0 0.0 1.0 0.0 0.0 0.25 0.0714285746216774 0.0 1.0 0.0 
0.0 0.0 1.0 0.0 0.0 0.0 0.25 0.1428571492433548 1.0 0.0 1.0 
0.0 0.0 1.0 0.0 0.0 0.0 0.25 0.1428571492433548 0.0 1.0 0.0 
0.0 0.0 0.0 1.0 0.0 0.0 0.25 0.2142857164144516 1.0 0.0 1.0 
0.0 0.0 0.0 1.0 0.0 0.0 0.25 0.2142857164144516 0.0 1.0 0.0 
0.0 1.0 0.0 0.0 0.0 0.0 0.5 0.2857142984867096 1.0 0.0 1.0 
0.0 1.0 0.0 0.0 0.0 0.0 0.5 0.2857142984867096 0.0 1.0 0.0 
0.0 0.0 1.0 0.0 0.0 0.0 0.5 0.4285714328289032 1.0 0.0 1.0 
0.0 0.0 1.0 0.0 0.0 0.0 0.5 0.4285714328289032 0.0 1.0 0.0 
1.0 0.0 0.0 0.0 0.0 0.0 0.25 0.5714285969734192 1.0 0.0 1.0 
1.0 0.0 0.0 0.0 0.0 0.0 0.25 0.5714285969734192 0.0 1.0 0.0 
0.0 0.0 0.0 1.0 0.0 0.0 0.125 0.6428571343421936 1.0 0.0 1.0 
0.0 0.0 0.0 1.0 0.0 0.0 0.25 0.6428571343421936 0.0 1.0 0.0 
0.0 0.0 0.0 0.0 1.0 0.0 0.125 0.6785714030265808 1.0 0.0 1.0 
0.0 0.0 1.0 0.0 0.0 0.0 0.25 0.7142857313156128 1.0 0.0 1.0 
0.0 0.0 1.0 0.0 0.0 0.0 0.25 0.7142857313156128 0.0 1.0 0.0 
0.0 0.0 0.0 1.0 0.0 0.0 0.25 0.7857142686843872 1.0 0.0 1.0 
0.0 0.0 0.0 1.0 0.0 0.0 0.25 0.7857142686843872 0.0 1.0 0.0 
0.0 1.0 0.0 0.0 0.0 0.0 0.5 0.8571428656578064 1.0 0.0 1.0 
0.0 1.0 0.0 0.0 0.0 0.0 0.25 0.8571428656578064 0.0 1.0 0.0 
0.0 0.0 0.0 1.0 0.0 0.0 0.25 0.9285714030265808 0.0 1.0 0.0 
0.0 0.0 1.0 0.0 0.0 0.0 0.5 1.0 1.0 0.0 1.0 
0.0 0.0 1.0 0.0 0.0 0.0 0.5 1.0 0.0 1.0 0.0 
../../../SchenkerDiff/schenkerian_clusters/Chorale_33000/Chorale_33000_segment_03

N=16
X: 
7 7 2 11 14 12 11 7 12 11 2 12 14 15 7 12 
E: 
0 5 3 6 0 0 0 0 0 0 0 0 0 0 0 0 
5 0 6 1 0 0 0 0 0 0 0 0 0 0 0 0 
3 6 0 5 8 3 6 0 0 0 0 0 0 0 0 0 
6 1 5 0 1 0 0 0 0 0 0 0 0 0 0 0 
0 0 8 1 0 6 1 0 0 0 0 0 0 0 0 0 
0 0 3 0 6 0 5 3 6 0 0 0 0 0 0 0 
0 0 6 0 1 5 0 6 1 0 0 0 0 0 0 0 
0 0 0 0 0 3 6 0 5 3 6 0 0 0 0 0 
0 0 0 0 0 6 1 5 0 6 1 0 0 0 0 0 
0 0 0 0 0 0 0 3 6 0 5 8 3 6 0 0 
0 0 0 0 0 0 0 6 1 5 0 1 0 0 0 0 
0 0 0 0 0 0 0 0 0 8 1 0 6 1 0 0 
0 0 0 0 0 0 0 0 0 3 0 6 0 5 3 6 
0 0 0 0 0 0 0 0 0 6 0 1 5 0 6 1 
0 0 0 0 0 0 0 0 0 0 0 0 3 6 0 5 
0 0 0 0 0 0 0 0 0 0 0 0 6 1 5 0 
R: 
1.0 0.0 0.0 0.0 0.0 0.0 0.5 0.0 1.0 0.0 1.0 
1.0 0.0 0.0 0.0 0.0 0.0 0.5 0.0 0.0 1.0 0.0 
0.0 0.0 1.0 0.0 0.0 0.0 0.5 0.1666666716337204 1.0 0.0 1.0 
0.0 0.0 1.0 0.0 0.0 0.0 0.25 0.1666666716337204 0.0 1.0 0.0 
0.0 0.0 0.0 1.0 0.0 0.0 0.25 0.25 0.0 1.0 0.0 
0.0 1.0 0.0 0.0 0.0 0.0 0.5 0.3333333432674408 1.0 0.0 1.0 
0.0 1.0 0.0 0.0 0.0 0.0 0.5 0.3333333432674408 0.0 1.0 0.0 
0.0 0.0 1.0 0.0 0.0 0.0 0.5 0.5 1.0 0.0 1.0 
0.0 0.0 1.0 0.0 0.0 0.0 0.5 0.5 0.0 1.0 0.0 
1.0 0.0 0.0 0.0 0.0 0.0 0.5 0.6666666865348816 1.0 0.0 1.0 
1.0 0.0 0.0 0.0 0.0 0.0 0.25 0.6666666865348816 0.0 1.0 0.0 
0.0 0.0 0.0 1.0 0.0 0.0 0.25 0.75 0.0 1.0 0.0 
0.0 0.0 1.0 0.0 0.0 0.0 0.5 0.8333333134651184 1.0 0.0 1.0 
0.0 0.0 1.0 0.0 0.0 0.0 0.5 0.8333333134651184 0.0 1.0 0.0 
0.0 1.0 0.0 0.0 0.0 0.0 0.5 1.0 1.0 0.0 1.0 
0.0 1.0 0.0 0.0 0.0 0.0 0.5 1.0 0.0 1.0 0.0 
../../../SchenkerDiff/schenkerian_clusters/Chorale_17606/Chorale_17606_segment_04

N=20
X: 
7 6 2 8 7 6 15 10 12 10 10 2 8 10 12 14 7 12 10 2 
E: 
0 5 3 6 0 0 0 0 0 0 0 0 0 0 0 0 0 0 0 0 
5 0 6 1 0 0 0 0 0 0 0 0 0 0 0 0 0 0 0 0 
3 6 0 5 3 6 0 0 0 0 0 0 0 0 0 0 0 0 0 0 
6 1 5 0 6 1 0 0 0 0 0 0 0 0 0 0 0 0 0 0 
0 0 3 6 0 5 8 3 6 0 0 0 0 0 0 0 0 0 0 0 
0 0 6 1 5 0 1 0 0 0 0 0 0 0 0 0 0 0 0 0 
0 0 0 0 8 1 0 6 1 0 0 0 0 0 0 0 0 0 0 0 
0 0 0 0 3 0 6 0 5 3 0 0 0 0 0 0 0 0 0 0 
0 0 0 0 6 0 1 5 0 8 6 1 0 0 0 0 0 0 0 0 
0 0 0 0 0 0 0 3 8 0 3 6 0 0 0 0 0 0 0 0 
0 0 0 0 0 0 0 0 6 3 0 5 8 3 6 0 0 0 0 0 
0 0 0 0 0 0 0 0 1 6 5 0 1 0 0 0 0 0 0 0 
0 0 0 0 0 0 0 0 0 0 8 1 0 6 1 0 0 0 0 0 
0 0 0 0 0 0 0 0 0 0 3 0 6 0 5 8 3 6 0 0 
0 0 0 0 0 0 0 0 0 0 6 0 1 5 0 1 0 0 0 0 
0 0 0 0 0 0 0 0 0 0 0 0 0 8 1 0 6 1 0 0 
0 0 0 0 0 0 0 0 0 0 0 0 0 3 0 6 0 5 3 6 
0 0 0 0 0 0 0 0 0 0 0 0 0 6 0 1 5 0 6 1 
0 0 0 0 0 0 0 0 0 0 0 0 0 0 0 0 3 6 0 5 
0 0 0 0 0 0 0 0 0 0 0 0 0 0 0 0 6 1 5 0 
R: 
0.0 0.0 1.0 0.0 0.0 0.0 0.5 0.125 1.0 0.0 1.0 
0.0 0.0 1.0 0.0 0.0 0.0 0.5 0.125 0.0 1.0 0.0 
0.0 1.0 0.0 0.0 0.0 0.0 0.5 0.25 1.0 0.0 1.0 
0.0 1.0 0.0 0.0 0.0 0.0 0.5 0.25 0.0 1.0 0.0 
0.0 0.0 1.0 0.0 0.0 0.0 0.5 0.375 1.0 0.0 1.0 
0.0 0.0 1.0 0.0 0.0 0.0 0.25 0.375 0.0 1.0 0.0 
0.0 0.0 0.0 1.0 0.0 0.0 0.25 0.4375 0.0 1.0 0.0 
1.0 0.0 0.0 0.0 0.0 0.0 0.25 0.5 1.0 0.0 1.0 
1.0 0.0 0.0 0.0 0.0 0.0 0.5 0.5 0.0 1.0 0.0 
0.0 0.0 0.0 1.0 0.0 0.0 0.25 0.5625 1.0 0.0 1.0 
0.0 0.0 1.0 0.0 0.0 0.0 0.5 0.625 1.0 0.0 1.0 
0.0 0.0 1.0 0.0 0.0 0.0 0.25 0.625 0.0 1.0 0.0 
0.0 0.0 0.0 1.0 0.0 0.0 0.25 0.6875 0.0 1.0 0.0 
0.0 1.0 0.0 0.0 0.0 0.0 0.5 0.75 1.0 0.0 1.0 
0.0 1.0 0.0 0.0 0.0 0.0 0.25 0.75 0.0 1.0 0.0 
0.0 0.0 0.0 1.0 0.0 0.0 0.25 0.8125 0.0 1.0 0.0 
0.0 0.0 1.0 0.0 0.0 0.0 0.5 0.875 1.0 0.0 1.0 
0.0 0.0 1.0 0.0 0.0 0.0 0.5 0.875 0.0 1.0 0.0 
1.0 0.0 0.0 0.0 0.0 0.0 1.5 1.0 1.0 0.0 1.0 
1.0 0.0 0.0 0.0 0.0 0.0 1.5 1.0 0.0 1.0 0.0 
../../../SchenkerDiff/schenkerian_clusters/Chorale_17507/Chorale_17507_segment_07

N=17
X: 
11 2 14 7 12 11 14 2 12 2 14 2 11 15 2 12 12 
E: 
0 5 3 6 0 0 0 0 0 0 0 0 0 0 0 0 0 
5 0 6 1 0 0 0 0 0 0 0 0 0 0 0 0 0 
3 6 0 5 3 6 0 0 0 0 0 0 0 0 0 0 0 
6 1 5 0 6 1 0 0 0 0 0 0 0 0 0 0 0 
0 0 3 6 0 5 8 3 6 0 0 0 0 0 0 0 0 
0 0 6 1 5 0 1 0 0 0 0 0 0 0 0 0 0 
0 0 0 0 8 1 0 6 1 0 0 0 0 0 0 0 0 
0 0 0 0 3 0 6 0 5 3 0 0 0 0 0 0 0 
0 0 0 0 6 0 1 5 0 8 1 0 0 0 0 0 0 
0 0 0 0 0 0 0 3 8 0 8 3 6 0 0 0 0 
0 0 0 0 0 0 0 0 1 8 0 6 1 0 0 0 0 
0 0 0 0 0 0 0 0 0 3 6 0 5 3 6 0 0 
0 0 0 0 0 0 0 0 0 6 1 5 0 6 1 0 0 
0 0 0 0 0 0 0 0 0 0 0 3 6 0 5 3 6 
0 0 0 0 0 0 0 0 0 0 0 6 1 5 0 6 1 
0 0 0 0 0 0 0 0 0 0 0 0 0 3 6 0 5 
0 0 0 0 0 0 0 0 0 0 0 0 0 6 1 5 0 
R: 
1.0 0.0 0.0 0.0 0.0 0.0 0.25 0.0 1.0 0.0 1.0 
1.0 0.0 0.0 0.0 0.0 0.0 0.25 0.0 0.0 1.0 0.0 
0.0 0.0 0.0 1.0 0.0 0.0 0.25 0.0833333358168602 1.0 0.0 1.0 
0.0 0.0 0.0 1.0 0.0 0.0 0.25 0.0833333358168602 0.0 1.0 0.0 
0.0 0.0 1.0 0.0 0.0 0.0 0.5 0.1666666716337204 1.0 0.0 1.0 
0.0 0.0 1.0 0.0 0.0 0.0 0.25 0.1666666716337204 0.0 1.0 0.0 
0.0 0.0 0.0 1.0 0.0 0.0 0.25 0.25 0.0 1.0 0.0 
0.0 1.0 0.0 0.0 0.0 0.0 0.5 0.3333333432674408 1.0 0.0 1.0 
0.0 1.0 0.0 0.0 0.0 0.0 0.75 0.3333333432674408 0.0 1.0 0.0 
0.0 0.0 1.0 0.0 0.0 0.0 0.5 0.5 1.0 0.0 1.0 
0.0 0.0 0.0 1.0 0.0 0.0 0.25 0.5833333134651184 0.0 1.0 0.0 
1.0 0.0 0.0 0.0 0.0 0.0 0.5 0.6666666865348816 1.0 0.0 1.0 
1.0 0.0 0.0 0.0 0.0 0.0 0.5 0.6666666865348816 0.0 1.0 0.0 
0.0 0.0 1.0 0.0 0.0 0.0 0.5 0.8333333134651184 1.0 0.0 1.0 
0.0 0.0 1.0 0.0 0.0 0.0 0.5 0.8333333134651184 0.0 1.0 0.0 
0.0 1.0 0.0 0.0 0.0 0.0 0.5 1.0 1.0 0.0 1.0 
0.0 1.0 0.0 0.0 0.0 0.0 0.5 1.0 0.0 1.0 0.0 
../../../SchenkerDiff/schenkerian_clusters/Chorale_3306/Chorale_3306_segment_09

N=21
X: 
2 15 12 7 14 10 14 10 12 7 14 2 10 7 10 2 12 10 2 7 12 
E: 
0 5 8 3 6 0 0 0 0 0 0 0 0 0 0 0 0 0 0 0 0 
5 0 1 0 0 0 0 0 0 0 0 0 0 0 0 0 0 0 0 0 0 
8 1 0 6 1 0 0 0 0 0 0 0 0 0 0 0 0 0 0 0 0 
3 0 6 0 5 3 0 0 0 0 0 0 0 0 0 0 0 0 0 0 0 
6 0 1 5 0 8 8 6 1 0 0 0 0 0 0 0 0 0 0 0 0 
0 0 0 3 8 0 3 0 0 0 0 0 0 0 0 0 0 0 0 0 0 
0 0 0 0 8 3 0 3 6 0 0 0 0 0 0 0 0 0 0 0 0 
0 0 0 0 6 0 3 0 5 3 6 0 0 0 0 0 0 0 0 0 0 
0 0 0 0 1 0 6 5 0 6 1 0 0 0 0 0 0 0 0 0 0 
0 0 0 0 0 0 0 3 6 0 5 3 6 0 0 0 0 0 0 0 0 
0 0 0 0 0 0 0 6 1 5 0 6 1 0 0 0 0 0 0 0 0 
0 0 0 0 0 0 0 0 0 3 6 0 5 8 3 6 0 0 0 0 0 
0 0 0 0 0 0 0 0 0 6 1 5 0 1 0 0 0 0 0 0 0 
0 0 0 0 0 0 0 0 0 0 0 8 1 0 6 1 0 0 0 0 0 
0 0 0 0 0 0 0 0 0 0 0 3 0 6 0 5 8 3 6 0 0 
0 0 0 0 0 0 0 0 0 0 0 6 0 1 5 0 1 0 0 0 0 
0 0 0 0 0 0 0 0 0 0 0 0 0 0 8 1 0 6 1 0 0 
0 0 0 0 0 0 0 0 0 0 0 0 0 0 3 0 6 0 5 3 6 
0 0 0 0 0 0 0 0 0 0 0 0 0 0 6 0 1 5 0 6 1 
0 0 0 0 0 0 0 0 0 0 0 0 0 0 0 0 0 3 6 0 5 
0 0 0 0 0 0 0 0 0 0 0 0 0 0 0 0 0 6 1 5 0 
R: 
1.0 0.0 0.0 0.0 0.0 0.0 0.5 0.0 1.0 0.0 1.0 
1.0 0.0 0.0 0.0 0.0 0.0 0.25 0.0 0.0 1.0 0.0 
0.0 0.0 0.0 1.0 0.0 0.0 0.25 0.0833333358168602 0.0 1.0 0.0 
0.0 0.0 1.0 0.0 0.0 0.0 0.25 0.1666666716337204 1.0 0.0 1.0 
0.0 0.0 1.0 0.0 0.0 0.0 0.5 0.1666666716337204 0.0 1.0 0.0 
0.0 0.0 0.0 1.0 0.0 0.0 0.125 0.25 1.0 0.0 1.0 
0.0 0.0 0.0 0.0 1.0 0.0 0.125 0.2916666567325592 1.0 0.0 1.0 
0.0 1.0 0.0 0.0 0.0 0.0 0.25 0.3333333432674408 1.0 0.0 1.0 
0.0 1.0 0.0 0.0 0.0 0.0 0.25 0.3333333432674408 0.0 1.0 0.0 
0.0 0.0 0.0 1.0 0.0 0.0 0.25 0.4166666567325592 1.0 0.0 1.0 
0.0 0.0 0.0 1.0 0.0 0.0 0.25 0.4166666567325592 0.0 1.0 0.0 
0.0 0.0 1.0 0.0 0.0 0.0 0.5 0.5 1.0 0.0 1.0 
0.0 0.0 1.0 0.0 0.0 0.0 0.25 0.5 0.0 1.0 0.0 
0.0 0.0 0.0 1.0 0.0 0.0 0.25 0.5833333134651184 0.0 1.0 0.0 
1.0 0.0 0.0 0.0 0.0 0.0 0.5 0.6666666865348816 1.0 0.0 1.0 
1.0 0.0 0.0 0.0 0.0 0.0 0.25 0.6666666865348816 0.0 1.0 0.0 
0.0 0.0 0.0 1.0 0.0 0.0 0.25 0.75 0.0 1.0 0.0 
0.0 0.0 1.0 0.0 0.0 0.0 0.5 0.8333333134651184 1.0 0.0 1.0 
0.0 0.0 1.0 0.0 0.0 0.0 0.5 0.8333333134651184 0.0 1.0 0.0 
0.0 1.0 0.0 0.0 0.0 0.0 0.5 1.0 1.0 0.0 1.0 
0.0 1.0 0.0 0.0 0.0 0.0 0.5 1.0 0.0 1.0 0.0 
../../../SchenkerDiff/schenkerian_clusters/Chorale_10306/Chorale_10306_segment_05

N=16
X: 
12 7 2 14 9 10 2 7 2 8 7 10 12 8 7 12 
E: 
0 5 8 3 0 0 0 0 0 0 0 0 0 0 0 0 
5 0 1 0 0 0 0 0 0 0 0 0 0 0 0 0 
8 1 0 8 1 0 0 0 0 0 0 0 0 0 0 0 
3 0 8 0 8 3 6 0 0 0 0 0 0 0 0 0 
0 0 1 8 0 6 1 0 0 0 0 0 0 0 0 0 
0 0 0 3 6 0 5 3 0 0 0 0 0 0 0 0 
0 0 0 6 1 5 0 8 6 1 0 0 0 0 0 0 
0 0 0 0 0 3 8 0 3 6 0 0 0 0 0 0 
0 0 0 0 0 0 6 3 0 5 3 0 0 0 0 0 
0 0 0 0 0 0 1 6 5 0 8 6 1 0 0 0 
0 0 0 0 0 0 0 0 3 8 0 3 6 0 0 0 
0 0 0 0 0 0 0 0 0 6 3 0 5 8 3 6 
0 0 0 0 0 0 0 0 0 1 6 5 0 1 0 0 
0 0 0 0 0 0 0 0 0 0 0 8 1 0 6 1 
0 0 0 0 0 0 0 0 0 0 0 3 0 6 0 5 
0 0 0 0 0 0 0 0 0 0 0 6 0 1 5 0 
R: 
1.0 0.0 0.0 0.0 0.0 0.0 0.5 0.0 1.0 0.0 1.0 
1.0 0.0 0.0 0.0 0.0 0.0 0.25 0.0 0.0 1.0 0.0 
0.0 0.0 0.0 1.0 0.0 0.0 0.5 0.0833333358168602 0.0 1.0 0.0 
0.0 0.0 1.0 0.0 0.0 0.0 0.5 0.1666666716337204 1.0 0.0 1.0 
0.0 0.0 0.0 1.0 0.0 0.0 0.25 0.25 0.0 1.0 0.0 
0.0 1.0 0.0 0.0 0.0 0.0 0.25 0.3333333432674408 1.0 0.0 1.0 
0.0 1.0 0.0 0.0 0.0 0.0 0.5 0.3333333432674408 0.0 1.0 0.0 
0.0 0.0 0.0 1.0 0.0 0.0 0.25 0.4166666567325592 1.0 0.0 1.0 
0.0 0.0 1.0 0.0 0.0 0.0 0.25 0.5 1.0 0.0 1.0 
0.0 0.0 1.0 0.0 0.0 0.0 0.5 0.5 0.0 1.0 0.0 
0.0 0.0 0.0 1.0 0.0 0.0 0.25 0.5833333134651184 1.0 0.0 1.0 
1.0 0.0 0.0 0.0 0.0 0.0 1.0 0.6666666865348816 1.0 0.0 1.0 
1.0 0.0 0.0 0.0 0.0 0.0 0.5 0.6666666865348816 0.0 1.0 0.0 
0.0 0.0 1.0 0.0 0.0 0.0 0.5 0.8333333134651184 0.0 1.0 0.0 
0.0 1.0 0.0 0.0 0.0 0.0 0.5 1.0 1.0 0.0 1.0 
0.0 1.0 0.0 0.0 0.0 0.0 0.5 1.0 0.0 1.0 0.0 
../../../SchenkerDiff/schenkerian_clusters/Chorale_31500/Chorale_31500_segment_02

N=17
X: 
10 2 7 14 2 6 10 7 2 10 7 14 10 12 8 7 6 
E: 
0 5 3 6 0 0 0 0 0 0 0 0 0 0 0 0 0 
5 0 6 1 0 0 0 0 0 0 0 0 0 0 0 0 0 
3 6 0 5 3 0 0 0 0 0 0 0 0 0 0 0 0 
6 1 5 0 8 6 1 0 0 0 0 0 0 0 0 0 0 
0 0 3 8 0 3 6 0 0 0 0 0 0 0 0 0 0 
0 0 0 6 3 0 5 8 3 6 0 0 0 0 0 0 0 
0 0 0 1 6 5 0 1 0 0 0 0 0 0 0 0 0 
0 0 0 0 0 8 1 0 6 1 0 0 0 0 0 0 0 
0 0 0 0 0 3 0 6 0 5 3 6 0 0 0 0 0 
0 0 0 0 0 6 0 1 5 0 6 1 0 0 0 0 0 
0 0 0 0 0 0 0 0 3 6 0 5 3 6 0 0 0 
0 0 0 0 0 0 0 0 6 1 5 0 6 1 0 0 0 
0 0 0 0 0 0 0 0 0 0 3 6 0 5 8 3 6 
0 0 0 0 0 0 0 0 0 0 6 1 5 0 1 0 0 
0 0 0 0 0 0 0 0 0 0 0 0 8 1 0 6 1 
0 0 0 0 0 0 0 0 0 0 0 0 3 0 6 0 5 
0 0 0 0 0 0 0 0 0 0 0 0 6 0 1 5 0 
R: 
1.0 0.0 0.0 0.0 0.0 0.0 0.5 0.0 1.0 0.0 1.0 
1.0 0.0 0.0 0.0 0.0 0.0 0.5 0.0 0.0 1.0 0.0 
0.0 0.0 1.0 0.0 0.0 0.0 0.25 0.1666666716337204 1.0 0.0 1.0 
0.0 0.0 1.0 0.0 0.0 0.0 0.5 0.1666666716337204 0.0 1.0 0.0 
0.0 0.0 0.0 1.0 0.0 0.0 0.25 0.25 1.0 0.0 1.0 
0.0 1.0 0.0 0.0 0.0 0.0 0.5 0.3333333432674408 1.0 0.0 1.0 
0.0 1.0 0.0 0.0 0.0 0.0 0.25 0.3333333432674408 0.0 1.0 0.0 
0.0 0.0 0.0 1.0 0.0 0.0 0.25 0.4166666567325592 0.0 1.0 0.0 
0.0 0.0 1.0 0.0 0.0 0.0 0.25 0.5 1.0 0.0 1.0 
0.0 0.0 1.0 0.0 0.0 0.0 0.25 0.5 0.0 1.0 0.0 
0.0 0.0 0.0 1.0 0.0 0.0 0.25 0.5833333134651184 1.0 0.0 1.0 
0.0 0.0 0.0 1.0 0.0 0.0 0.25 0.5833333134651184 0.0 1.0 0.0 
1.0 0.0 0.0 0.0 0.0 0.0 1.0 0.6666666865348816 1.0 0.0 1.0 
1.0 0.0 0.0 0.0 0.0 0.0 0.5 0.6666666865348816 0.0 1.0 0.0 
0.0 0.0 1.0 0.0 0.0 0.0 0.5 0.8333333134651184 0.0 1.0 0.0 
0.0 1.0 0.0 0.0 0.0 0.0 0.5 1.0 1.0 0.0 1.0 
0.0 1.0 0.0 0.0 0.0 0.0 0.5 1.0 0.0 1.0 0.0 
../../../SchenkerDiff/schenkerian_clusters/Chorale_25800/Chorale_25800_segment_02

N=14
X: 
12 12 2 15 7 6 10 14 8 10 10 2 7 12 
E: 
0 5 3 6 0 0 0 0 0 0 0 0 0 0 
5 0 6 1 0 0 0 0 0 0 0 0 0 0 
3 6 0 5 3 6 0 0 0 0 0 0 0 0 
6 1 5 0 6 1 0 0 0 0 0 0 0 0 
0 0 3 6 0 5 3 0 0 0 0 0 0 0 
0 0 6 1 5 0 8 6 1 0 0 0 0 0 
0 0 0 0 3 8 0 3 6 0 0 0 0 0 
0 0 0 0 0 6 3 0 5 3 6 0 0 0 
0 0 0 0 0 1 6 5 0 6 1 0 0 0 
0 0 0 0 0 0 0 3 6 0 5 8 3 6 
0 0 0 0 0 0 0 6 1 5 0 1 0 0 
0 0 0 0 0 0 0 0 0 8 1 0 6 1 
0 0 0 0 0 0 0 0 0 3 0 6 0 5 
0 0 0 0 0 0 0 0 0 6 0 1 5 0 
R: 
1.0 0.0 0.0 0.0 0.0 0.0 0.5 0.0 1.0 0.0 1.0 
1.0 0.0 0.0 0.0 0.0 0.0 0.5 0.0 0.0 1.0 0.0 
0.0 0.0 1.0 0.0 0.0 0.0 0.5 0.1666666716337204 1.0 0.0 1.0 
0.0 0.0 1.0 0.0 0.0 0.0 0.5 0.1666666716337204 0.0 1.0 0.0 
0.0 1.0 0.0 0.0 0.0 0.0 0.25 0.3333333432674408 1.0 0.0 1.0 
0.0 1.0 0.0 0.0 0.0 0.0 0.5 0.3333333432674408 0.0 1.0 0.0 
0.0 0.0 0.0 1.0 0.0 0.0 0.25 0.4166666567325592 1.0 0.0 1.0 
0.0 0.0 1.0 0.0 0.0 0.0 0.5 0.5 1.0 0.0 1.0 
0.0 0.0 1.0 0.0 0.0 0.0 0.5 0.5 0.0 1.0 0.0 
1.0 0.0 0.0 0.0 0.0 0.0 1.0 0.6666666865348816 1.0 0.0 1.0 
1.0 0.0 0.0 0.0 0.0 0.0 0.5 0.6666666865348816 0.0 1.0 0.0 
0.0 0.0 1.0 0.0 0.0 0.0 0.5 0.8333333134651184 0.0 1.0 0.0 
0.0 1.0 0.0 0.0 0.0 0.0 0.5 1.0 1.0 0.0 1.0 
0.0 1.0 0.0 0.0 0.0 0.0 0.5 1.0 0.0 1.0 0.0 
../../../SchenkerDiff/schenkerian_clusters/Chorale_24437/Chorale_24437_segment_04

N=11
X: 
12 9 10 2 14 8 10 6 14 10 12 
E: 
0 5 3 6 0 0 0 0 0 0 0 
5 0 6 1 0 0 0 0 0 0 0 
3 6 0 5 3 6 0 0 0 0 0 
6 1 5 0 6 1 0 0 0 0 0 
0 0 3 6 0 5 3 6 0 0 0 
0 0 6 1 5 0 6 1 0 0 0 
0 0 0 0 3 6 0 5 3 0 0 
0 0 0 0 6 1 5 0 8 6 1 
0 0 0 0 0 0 3 8 0 3 6 
0 0 0 0 0 0 0 6 3 0 5 
0 0 0 0 0 0 0 1 6 5 0 
R: 
1.0 0.0 0.0 0.0 0.0 0.0 0.5 0.0 1.0 0.0 1.0 
1.0 0.0 0.0 0.0 0.0 0.0 0.5 0.0 0.0 1.0 0.0 
0.0 0.0 1.0 0.0 0.0 0.0 0.5 0.25 1.0 0.0 1.0 
0.0 0.0 1.0 0.0 0.0 0.0 0.5 0.25 0.0 1.0 0.0 
0.0 1.0 0.0 0.0 0.0 0.0 0.5 0.5 1.0 0.0 1.0 
0.0 1.0 0.0 0.0 0.0 0.0 0.5 0.5 0.0 1.0 0.0 
0.0 0.0 1.0 0.0 0.0 0.0 0.25 0.75 1.0 0.0 1.0 
0.0 0.0 1.0 0.0 0.0 0.0 0.5 0.75 0.0 1.0 0.0 
0.0 0.0 0.0 1.0 0.0 0.0 0.25 0.875 1.0 0.0 1.0 
1.0 0.0 0.0 0.0 0.0 0.0 1.0 1.0 1.0 0.0 1.0 
1.0 0.0 0.0 0.0 0.0 0.0 1.0 1.0 0.0 1.0 0.0 
../../../SchenkerDiff/schenkerian_clusters/Chorale_13306/Chorale_13306_segment_01

N=21
X: 
12 11 12 14 7 11 2 7 12 11 12 14 14 14 11 14 11 12 12 2 2 
E: 
0 5 3 0 0 0 0 0 0 0 0 0 0 0 0 0 0 0 0 0 0 
5 0 8 6 1 0 0 0 0 0 0 0 0 0 0 0 0 0 0 0 0 
3 8 0 3 6 0 0 0 0 0 0 0 0 0 0 0 0 0 0 0 0 
0 6 3 0 5 3 6 0 0 0 0 0 0 0 0 0 0 0 0 0 0 
0 1 6 5 0 6 1 0 0 0 0 0 0 0 0 0 0 0 0 0 0 
0 0 0 3 6 0 5 3 6 0 0 0 0 0 0 0 0 0 0 0 0 
0 0 0 6 1 5 0 6 1 0 0 0 0 0 0 0 0 0 0 0 0 
0 0 0 0 0 3 6 0 5 3 6 0 0 0 0 0 0 0 0 0 0 
0 0 0 0 0 6 1 5 0 6 1 0 0 0 0 0 0 0 0 0 0 
0 0 0 0 0 0 0 3 6 0 5 8 8 3 6 0 0 0 0 0 0 
0 0 0 0 0 0 0 6 1 5 0 1 0 0 0 0 0 0 0 0 0 
0 0 0 0 0 0 0 0 0 8 1 0 1 0 0 0 0 0 0 0 0 
0 0 0 0 0 0 0 0 0 8 0 1 0 6 1 0 0 0 0 0 0 
0 0 0 0 0 0 0 0 0 3 0 0 6 0 5 8 3 6 0 0 0 
0 0 0 0 0 0 0 0 0 6 0 0 1 5 0 1 0 0 0 0 0 
0 0 0 0 0 0 0 0 0 0 0 0 0 8 1 0 6 1 0 0 0 
0 0 0 0 0 0 0 0 0 0 0 0 0 3 0 6 0 5 8 3 6 
0 0 0 0 0 0 0 0 0 0 0 0 0 6 0 1 5 0 1 0 0 
0 0 0 0 0 0 0 0 0 0 0 0 0 0 0 0 8 1 0 6 1 
0 0 0 0 0 0 0 0 0 0 0 0 0 0 0 0 3 0 6 0 5 
0 0 0 0 0 0 0 0 0 0 0 0 0 0 0 0 6 0 1 5 0 
R: 
1.0 0.0 0.0 0.0 0.0 0.0 0.25 0.0 1.0 0.0 1.0 
1.0 0.0 0.0 0.0 0.0 0.0 0.5 0.0 0.0 1.0 0.0 
0.0 0.0 0.0 1.0 0.0 0.0 0.25 0.0625 1.0 0.0 1.0 
0.0 0.0 1.0 0.0 0.0 0.0 0.5 0.125 1.0 0.0 1.0 
0.0 0.0 1.0 0.0 0.0 0.0 0.5 0.125 0.0 1.0 0.0 
0.0 1.0 0.0 0.0 0.0 0.0 0.5 0.25 1.0 0.0 1.0 
0.0 1.0 0.0 0.0 0.0 0.0 0.5 0.25 0.0 1.0 0.0 
0.0 0.0 1.0 0.0 0.0 0.0 0.5 0.375 1.0 0.0 1.0 
0.0 0.0 1.0 0.0 0.0 0.0 0.5 0.375 0.0 1.0 0.0 
1.0 0.0 0.0 0.0 0.0 0.0 0.5 0.5 1.0 0.0 1.0 
1.0 0.0 0.0 0.0 0.0 0.0 0.25 0.5 0.0 1.0 0.0 
0.0 0.0 0.0 1.0 0.0 0.0 0.125 0.5625 0.0 1.0 0.0 
0.0 0.0 0.0 0.0 1.0 0.0 0.125 0.59375 0.0 1.0 0.0 
0.0 0.0 1.0 0.0 0.0 0.0 0.5 0.625 1.0 0.0 1.0 
0.0 0.0 1.0 0.0 0.0 0.0 0.25 0.625 0.0 1.0 0.0 
0.0 0.0 0.0 1.0 0.0 0.0 0.25 0.6875 0.0 1.0 0.0 
0.0 1.0 0.0 0.0 0.0 0.0 1.0 0.75 1.0 0.0 1.0 
0.0 1.0 0.0 0.0 0.0 0.0 0.5 0.75 0.0 1.0 0.0 
0.0 0.0 1.0 0.0 0.0 0.0 0.5 0.875 0.0 1.0 0.0 
1.0 0.0 0.0 0.0 0.0 0.0 1.5 1.0 1.0 0.0 1.0 
1.0 0.0 0.0 0.0 0.0 0.0 1.5 1.0 0.0 1.0 0.0 
../../../SchenkerDiff/schenkerian_clusters/Chorale_40100/Chorale_40100_segment_07

N=17
X: 
7 7 2 11 7 7 11 14 2 11 2 11 14 7 12 2 2 
E: 
0 5 8 3 6 0 0 0 0 0 0 0 0 0 0 0 0 
5 0 1 0 0 0 0 0 0 0 0 0 0 0 0 0 0 
8 1 0 6 1 0 0 0 0 0 0 0 0 0 0 0 0 
3 0 6 0 5 3 6 0 0 0 0 0 0 0 0 0 0 
6 0 1 5 0 6 1 0 0 0 0 0 0 0 0 0 0 
0 0 0 3 6 0 5 8 3 6 0 0 0 0 0 0 0 
0 0 0 6 1 5 0 1 0 0 0 0 0 0 0 0 0 
0 0 0 0 0 8 1 0 6 1 0 0 0 0 0 0 0 
0 0 0 0 0 3 0 6 0 5 3 6 0 0 0 0 0 
0 0 0 0 0 6 0 1 5 0 6 1 0 0 0 0 0 
0 0 0 0 0 0 0 0 3 6 0 5 8 3 6 0 0 
0 0 0 0 0 0 0 0 6 1 5 0 1 0 0 0 0 
0 0 0 0 0 0 0 0 0 0 8 1 0 6 1 0 0 
0 0 0 0 0 0 0 0 0 0 3 0 6 0 5 3 6 
0 0 0 0 0 0 0 0 0 0 6 0 1 5 0 6 1 
0 0 0 0 0 0 0 0 0 0 0 0 0 3 6 0 5 
0 0 0 0 0 0 0 0 0 0 0 0 0 6 1 5 0 
R: 
1.0 0.0 0.0 0.0 0.0 0.0 0.5 0.0 1.0 0.0 1.0 
1.0 0.0 0.0 0.0 0.0 0.0 0.25 0.0 0.0 1.0 0.0 
0.0 0.0 0.0 1.0 0.0 0.0 0.25 0.0833333358168602 0.0 1.0 0.0 
0.0 0.0 1.0 0.0 0.0 0.0 0.5 0.1666666716337204 1.0 0.0 1.0 
0.0 0.0 1.0 0.0 0.0 0.0 0.5 0.1666666716337204 0.0 1.0 0.0 
0.0 1.0 0.0 0.0 0.0 0.0 0.5 0.3333333432674408 1.0 0.0 1.0 
0.0 1.0 0.0 0.0 0.0 0.0 0.25 0.3333333432674408 0.0 1.0 0.0 
0.0 0.0 0.0 1.0 0.0 0.0 0.25 0.4166666567325592 0.0 1.0 0.0 
0.0 0.0 1.0 0.0 0.0 0.0 0.5 0.5 1.0 0.0 1.0 
0.0 0.0 1.0 0.0 0.0 0.0 0.5 0.5 0.0 1.0 0.0 
1.0 0.0 0.0 0.0 0.0 0.0 0.5 0.6666666865348816 1.0 0.0 1.0 
1.0 0.0 0.0 0.0 0.0 0.0 0.25 0.6666666865348816 0.0 1.0 0.0 
0.0 0.0 0.0 1.0 0.0 0.0 0.25 0.75 0.0 1.0 0.0 
0.0 0.0 1.0 0.0 0.0 0.0 0.5 0.8333333134651184 1.0 0.0 1.0 
0.0 0.0 1.0 0.0 0.0 0.0 0.5 0.8333333134651184 0.0 1.0 0.0 
0.0 1.0 0.0 0.0 0.0 0.0 0.5 1.0 1.0 0.0 1.0 
0.0 1.0 0.0 0.0 0.0 0.0 0.5 1.0 0.0 1.0 0.0 
../../../SchenkerDiff/schenkerian_clusters/Chorale_33200/Chorale_33200_segment_04

N=19
X: 
10 12 14 8 6 10 2 7 10 10 14 8 12 10 14 7 12 7 12 
E: 
0 5 3 6 0 0 0 0 0 0 0 0 0 0 0 0 0 0 0 
5 0 6 1 0 0 0 0 0 0 0 0 0 0 0 0 0 0 0 
3 6 0 5 8 3 6 0 0 0 0 0 0 0 0 0 0 0 0 
6 1 5 0 1 0 0 0 0 0 0 0 0 0 0 0 0 0 0 
0 0 8 1 0 6 1 0 0 0 0 0 0 0 0 0 0 0 0 
0 0 3 0 6 0 5 8 3 6 0 0 0 0 0 0 0 0 0 
0 0 6 0 1 5 0 1 0 0 0 0 0 0 0 0 0 0 0 
0 0 0 0 0 8 1 0 6 1 0 0 0 0 0 0 0 0 0 
0 0 0 0 0 3 0 6 0 5 3 6 0 0 0 0 0 0 0 
0 0 0 0 0 6 0 1 5 0 6 1 0 0 0 0 0 0 0 
0 0 0 0 0 0 0 0 3 6 0 5 8 3 6 0 0 0 0 
0 0 0 0 0 0 0 0 6 1 5 0 1 0 0 0 0 0 0 
0 0 0 0 0 0 0 0 0 0 8 1 0 6 1 0 0 0 0 
0 0 0 0 0 0 0 0 0 0 3 0 6 0 5 3 6 0 0 
0 0 0 0 0 0 0 0 0 0 6 0 1 5 0 6 1 0 0 
0 0 0 0 0 0 0 0 0 0 0 0 0 3 6 0 5 3 6 
0 0 0 0 0 0 0 0 0 0 0 0 0 6 1 5 0 6 1 
0 0 0 0 0 0 0 0 0 0 0 0 0 0 0 3 6 0 5 
0 0 0 0 0 0 0 0 0 0 0 0 0 0 0 6 1 5 0 
R: 
1.0 0.0 0.0 0.0 0.0 0.0 0.5 0.0 1.0 0.0 1.0 
1.0 0.0 0.0 0.0 0.0 0.0 0.5 0.0 0.0 1.0 0.0 
0.0 0.0 1.0 0.0 0.0 0.0 0.5 0.1428571492433548 1.0 0.0 1.0 
0.0 0.0 1.0 0.0 0.0 0.0 0.25 0.1428571492433548 0.0 1.0 0.0 
0.0 0.0 0.0 1.0 0.0 0.0 0.25 0.2142857164144516 0.0 1.0 0.0 
0.0 1.0 0.0 0.0 0.0 0.0 0.5 0.2857142984867096 1.0 0.0 1.0 
0.0 1.0 0.0 0.0 0.0 0.0 0.25 0.2857142984867096 0.0 1.0 0.0 
0.0 0.0 0.0 1.0 0.0 0.0 0.25 0.3571428656578064 0.0 1.0 0.0 
0.0 0.0 1.0 0.0 0.0 0.0 0.5 0.4285714328289032 1.0 0.0 1.0 
0.0 0.0 1.0 0.0 0.0 0.0 0.5 0.4285714328289032 0.0 1.0 0.0 
1.0 0.0 0.0 0.0 0.0 0.0 0.5 0.5714285969734192 1.0 0.0 1.0 
1.0 0.0 0.0 0.0 0.0 0.0 0.25 0.5714285969734192 0.0 1.0 0.0 
0.0 0.0 0.0 1.0 0.0 0.0 0.25 0.6428571343421936 0.0 1.0 0.0 
0.0 0.0 1.0 0.0 0.0 0.0 0.5 0.7142857313156128 1.0 0.0 1.0 
0.0 0.0 1.0 0.0 0.0 0.0 0.5 0.7142857313156128 0.0 1.0 0.0 
0.0 1.0 0.0 0.0 0.0 0.0 0.5 0.8571428656578064 1.0 0.0 1.0 
0.0 1.0 0.0 0.0 0.0 0.0 0.5 0.8571428656578064 0.0 1.0 0.0 
0.0 0.0 1.0 0.0 0.0 0.0 0.5 1.0 1.0 0.0 1.0 
0.0 0.0 1.0 0.0 0.0 0.0 0.5 1.0 0.0 1.0 0.0 
../../../SchenkerDiff/schenkerian_clusters/Chorale_24440/Chorale_24440_segment_01

N=19
X: 
10 2 7 12 10 6 7 10 2 14 10 12 2 8 14 7 12 10 2 
E: 
0 5 8 3 6 0 0 0 0 0 0 0 0 0 0 0 0 0 0 
5 0 1 0 0 0 0 0 0 0 0 0 0 0 0 0 0 0 0 
8 1 0 6 1 0 0 0 0 0 0 0 0 0 0 0 0 0 0 
3 0 6 0 5 3 6 0 0 0 0 0 0 0 0 0 0 0 0 
6 0 1 5 0 6 1 0 0 0 0 0 0 0 0 0 0 0 0 
0 0 0 3 6 0 5 8 3 6 0 0 0 0 0 0 0 0 0 
0 0 0 6 1 5 0 1 0 0 0 0 0 0 0 0 0 0 0 
0 0 0 0 0 8 1 0 6 1 0 0 0 0 0 0 0 0 0 
0 0 0 0 0 3 0 6 0 5 3 6 0 0 0 0 0 0 0 
0 0 0 0 0 6 0 1 5 0 6 1 0 0 0 0 0 0 0 
0 0 0 0 0 0 0 0 3 6 0 5 3 6 0 0 0 0 0 
0 0 0 0 0 0 0 0 6 1 5 0 6 1 0 0 0 0 0 
0 0 0 0 0 0 0 0 0 0 3 6 0 5 8 3 6 0 0 
0 0 0 0 0 0 0 0 0 0 6 1 5 0 1 0 0 0 0 
0 0 0 0 0 0 0 0 0 0 0 0 8 1 0 6 1 0 0 
0 0 0 0 0 0 0 0 0 0 0 0 3 0 6 0 5 3 6 
0 0 0 0 0 0 0 0 0 0 0 0 6 0 1 5 0 6 1 
0 0 0 0 0 0 0 0 0 0 0 0 0 0 0 3 6 0 5 
0 0 0 0 0 0 0 0 0 0 0 0 0 0 0 6 1 5 0 
R: 
1.0 0.0 0.0 0.0 0.0 0.0 0.5 0.0 1.0 0.0 1.0 
1.0 0.0 0.0 0.0 0.0 0.0 0.25 0.0 0.0 1.0 0.0 
0.0 0.0 0.0 1.0 0.0 0.0 0.25 0.0625 0.0 1.0 0.0 
0.0 0.0 1.0 0.0 0.0 0.0 0.5 0.125 1.0 0.0 1.0 
0.0 0.0 1.0 0.0 0.0 0.0 0.5 0.125 0.0 1.0 0.0 
0.0 1.0 0.0 0.0 0.0 0.0 0.5 0.25 1.0 0.0 1.0 
0.0 1.0 0.0 0.0 0.0 0.0 0.25 0.25 0.0 1.0 0.0 
0.0 0.0 0.0 1.0 0.0 0.0 0.25 0.3125 0.0 1.0 0.0 
0.0 0.0 1.0 0.0 0.0 0.0 0.5 0.375 1.0 0.0 1.0 
0.0 0.0 1.0 0.0 0.0 0.0 0.5 0.375 0.0 1.0 0.0 
1.0 0.0 0.0 0.0 0.0 0.0 0.5 0.5 1.0 0.0 1.0 
1.0 0.0 0.0 0.0 0.0 0.0 0.5 0.5 0.0 1.0 0.0 
0.0 0.0 1.0 0.0 0.0 0.0 0.5 0.625 1.0 0.0 1.0 
0.0 0.0 1.0 0.0 0.0 0.0 0.25 0.625 0.0 1.0 0.0 
0.0 0.0 0.0 1.0 0.0 0.0 0.25 0.6875 0.0 1.0 0.0 
0.0 1.0 0.0 0.0 0.0 0.0 1.0 0.75 1.0 0.0 1.0 
0.0 1.0 0.0 0.0 0.0 0.0 1.0 0.75 0.0 1.0 0.0 
1.0 0.0 0.0 0.0 0.0 0.0 1.0 1.0 1.0 0.0 1.0 
1.0 0.0 0.0 0.0 0.0 0.0 1.0 1.0 0.0 1.0 0.0 
../../../SchenkerDiff/schenkerian_clusters/Chorale_6408/Chorale_6408_segment_08

N=15
X: 
10 2 7 14 2 10 7 7 2 10 14 10 12 7 6 
E: 
0 5 3 6 0 0 0 0 0 0 0 0 0 0 0 
5 0 6 1 0 0 0 0 0 0 0 0 0 0 0 
3 6 0 5 3 6 0 0 0 0 0 0 0 0 0 
6 1 5 0 6 1 0 0 0 0 0 0 0 0 0 
0 0 3 6 0 5 8 3 0 0 0 0 0 0 0 
0 0 6 1 5 0 1 0 0 0 0 0 0 0 0 
0 0 0 0 8 1 0 8 6 1 0 0 0 0 0 
0 0 0 0 3 0 8 0 3 6 0 0 0 0 0 
0 0 0 0 0 0 6 3 0 5 8 3 6 0 0 
0 0 0 0 0 0 1 6 5 0 1 0 0 0 0 
0 0 0 0 0 0 0 0 8 1 0 6 1 0 0 
0 0 0 0 0 0 0 0 3 0 6 0 5 3 6 
0 0 0 0 0 0 0 0 6 0 1 5 0 6 1 
0 0 0 0 0 0 0 0 0 0 0 3 6 0 5 
0 0 0 0 0 0 0 0 0 0 0 6 1 5 0 
R: 
1.0 0.0 0.0 0.0 0.0 0.0 0.5 0.0 1.0 0.0 1.0 
1.0 0.0 0.0 0.0 0.0 0.0 0.5 0.0 0.0 1.0 0.0 
0.0 0.0 1.0 0.0 0.0 0.0 0.5 0.1666666716337204 1.0 0.0 1.0 
0.0 0.0 1.0 0.0 0.0 0.0 0.5 0.1666666716337204 0.0 1.0 0.0 
0.0 1.0 0.0 0.0 0.0 0.0 0.75 0.3333333432674408 1.0 0.0 1.0 
0.0 1.0 0.0 0.0 0.0 0.0 0.5 0.3333333432674408 0.0 1.0 0.0 
0.0 0.0 1.0 0.0 0.0 0.0 0.5 0.5 0.0 1.0 0.0 
0.0 0.0 0.0 1.0 0.0 0.0 0.25 0.5833333134651184 1.0 0.0 1.0 
1.0 0.0 0.0 0.0 0.0 0.0 0.5 0.6666666865348816 1.0 0.0 1.0 
1.0 0.0 0.0 0.0 0.0 0.0 0.25 0.6666666865348816 0.0 1.0 0.0 
0.0 0.0 0.0 1.0 0.0 0.0 0.25 0.75 0.0 1.0 0.0 
0.0 0.0 1.0 0.0 0.0 0.0 0.5 0.8333333134651184 1.0 0.0 1.0 
0.0 0.0 1.0 0.0 0.0 0.0 0.5 0.8333333134651184 0.0 1.0 0.0 
0.0 1.0 0.0 0.0 0.0 0.0 0.5 1.0 1.0 0.0 1.0 
0.0 1.0 0.0 0.0 0.0 0.0 0.5 1.0 0.0 1.0 0.0 
../../../SchenkerDiff/schenkerian_clusters/Chorale_31700/Chorale_31700_segment_05

N=25
X: 
10 2 7 10 14 10 12 8 7 9 15 12 14 2 10 14 7 12 10 8 7 12 12 2 2 
E: 
0 5 8 8 8 3 6 0 0 0 0 0 0 0 0 0 0 0 0 0 0 0 0 0 0 
5 0 1 0 0 0 0 0 0 0 0 0 0 0 0 0 0 0 0 0 0 0 0 0 0 
8 1 0 1 0 0 0 0 0 0 0 0 0 0 0 0 0 0 0 0 0 0 0 0 0 
8 0 1 0 1 0 0 0 0 0 0 0 0 0 0 0 0 0 0 0 0 0 0 0 0 
8 0 0 1 0 6 1 0 0 0 0 0 0 0 0 0 0 0 0 0 0 0 0 0 0 
3 0 0 0 6 0 5 8 3 6 0 0 0 0 0 0 0 0 0 0 0 0 0 0 0 
6 0 0 0 1 5 0 1 0 0 0 0 0 0 0 0 0 0 0 0 0 0 0 0 0 
0 0 0 0 0 8 1 0 6 1 0 0 0 0 0 0 0 0 0 0 0 0 0 0 0 
0 0 0 0 0 3 0 6 0 5 8 8 8 3 6 0 0 0 0 0 0 0 0 0 0 
0 0 0 0 0 6 0 1 5 0 1 0 0 0 0 0 0 0 0 0 0 0 0 0 0 
0 0 0 0 0 0 0 0 8 1 0 1 0 0 0 0 0 0 0 0 0 0 0 0 0 
0 0 0 0 0 0 0 0 8 0 1 0 1 0 0 0 0 0 0 0 0 0 0 0 0 
0 0 0 0 0 0 0 0 8 0 0 1 0 6 1 0 0 0 0 0 0 0 0 0 0 
0 0 0 0 0 0 0 0 3 0 0 0 6 0 5 8 3 6 0 0 0 0 0 0 0 
0 0 0 0 0 0 0 0 6 0 0 0 1 5 0 1 0 0 0 0 0 0 0 0 0 
0 0 0 0 0 0 0 0 0 0 0 0 0 8 1 0 6 1 0 0 0 0 0 0 0 
0 0 0 0 0 0 0 0 0 0 0 0 0 3 0 6 0 5 3 6 0 0 0 0 0 
0 0 0 0 0 0 0 0 0 0 0 0 0 6 0 1 5 0 6 1 0 0 0 0 0 
0 0 0 0 0 0 0 0 0 0 0 0 0 0 0 0 3 6 0 5 3 6 0 0 0 
0 0 0 0 0 0 0 0 0 0 0 0 0 0 0 0 6 1 5 0 6 1 0 0 0 
0 0 0 0 0 0 0 0 0 0 0 0 0 0 0 0 0 0 3 6 0 5 8 3 6 
0 0 0 0 0 0 0 0 0 0 0 0 0 0 0 0 0 0 6 1 5 0 1 0 0 
0 0 0 0 0 0 0 0 0 0 0 0 0 0 0 0 0 0 0 0 8 1 0 6 1 
0 0 0 0 0 0 0 0 0 0 0 0 0 0 0 0 0 0 0 0 3 0 6 0 5 
0 0 0 0 0 0 0 0 0 0 0 0 0 0 0 0 0 0 0 0 6 0 1 5 0 
R: 
1.0 0.0 0.0 0.0 0.0 0.0 1.0 0.0 1.0 0.0 1.0 
1.0 0.0 0.0 0.0 0.0 0.0 0.25 0.0 0.0 1.0 0.0 
0.0 0.0 0.0 1.0 0.0 0.0 0.25 0.0555555559694767 0.0 1.0 0.0 
0.0 1.0 0.0 0.0 0.0 0.0 0.25 0.1111111119389534 0.0 1.0 0.0 
0.0 0.0 0.0 1.0 0.0 0.0 0.25 0.1666666716337204 0.0 1.0 0.0 
0.0 0.0 1.0 0.0 0.0 0.0 0.5 0.2222222238779068 1.0 0.0 1.0 
0.0 0.0 1.0 0.0 0.0 0.0 0.25 0.2222222238779068 0.0 1.0 0.0 
0.0 0.0 0.0 1.0 0.0 0.0 0.25 0.2777777910232544 0.0 1.0 0.0 
1.0 0.0 0.0 0.0 0.0 0.0 1.0 0.3333333432674408 1.0 0.0 1.0 
1.0 0.0 0.0 0.0 0.0 0.0 0.25 0.3333333432674408 0.0 1.0 0.0 
0.0 0.0 0.0 1.0 0.0 0.0 0.25 0.3888888955116272 0.0 1.0 0.0 
0.0 1.0 0.0 0.0 0.0 0.0 0.25 0.4444444477558136 0.0 1.0 0.0 
0.0 0.0 0.0 1.0 0.0 0.0 0.25 0.5 0.0 1.0 0.0 
0.0 0.0 1.0 0.0 0.0 0.0 0.5 0.5555555820465088 1.0 0.0 1.0 
0.0 0.0 1.0 0.0 0.0 0.0 0.25 0.5555555820465088 0.0 1.0 0.0 
0.0 0.0 0.0 1.0 0.0 0.0 0.25 0.6111111044883728 0.0 1.0 0.0 
1.0 0.0 0.0 0.0 0.0 0.0 0.25 0.6666666865348816 1.0 0.0 1.0 
1.0 0.0 0.0 0.0 0.0 0.0 0.25 0.6666666865348816 0.0 1.0 0.0 
0.0 0.0 0.0 1.0 0.0 0.0 0.25 0.7222222089767456 1.0 0.0 1.0 
0.0 0.0 0.0 1.0 0.0 0.0 0.25 0.7222222089767456 0.0 1.0 0.0 
0.0 1.0 0.0 0.0 0.0 0.0 1.0 0.7777777910232544 1.0 0.0 1.0 
0.0 1.0 0.0 0.0 0.0 0.0 0.5 0.7777777910232544 0.0 1.0 0.0 
0.0 0.0 1.0 0.0 0.0 0.0 0.5 0.8888888955116272 0.0 1.0 0.0 
1.0 0.0 0.0 0.0 0.0 0.0 1.5 1.0 1.0 0.0 1.0 
1.0 0.0 0.0 0.0 0.0 0.0 1.5 1.0 0.0 1.0 0.0 
../../../SchenkerDiff/schenkerian_clusters/Chorale_41300/Chorale_41300_segment_04

N=14
X: 
12 2 14 7 10 2 12 7 2 14 11 2 10 6 
E: 
0 5 3 6 0 0 0 0 0 0 0 0 0 0 
5 0 6 1 0 0 0 0 0 0 0 0 0 0 
3 6 0 5 3 6 0 0 0 0 0 0 0 0 
6 1 5 0 6 1 0 0 0 0 0 0 0 0 
0 0 3 6 0 5 8 3 0 0 0 0 0 0 
0 0 6 1 5 0 1 0 0 0 0 0 0 0 
0 0 0 0 8 1 0 8 6 1 0 0 0 0 
0 0 0 0 3 0 8 0 3 6 0 0 0 0 
0 0 0 0 0 0 6 3 0 5 3 6 0 0 
0 0 0 0 0 0 1 6 5 0 6 1 0 0 
0 0 0 0 0 0 0 0 3 6 0 5 3 6 
0 0 0 0 0 0 0 0 6 1 5 0 6 1 
0 0 0 0 0 0 0 0 0 0 3 6 0 5 
0 0 0 0 0 0 0 0 0 0 6 1 5 0 
R: 
1.0 0.0 0.0 0.0 0.0 0.0 0.5 0.0 1.0 0.0 1.0 
1.0 0.0 0.0 0.0 0.0 0.0 0.5 0.0 0.0 1.0 0.0 
0.0 0.0 1.0 0.0 0.0 0.0 0.5 0.1666666716337204 1.0 0.0 1.0 
0.0 0.0 1.0 0.0 0.0 0.0 0.5 0.1666666716337204 0.0 1.0 0.0 
0.0 1.0 0.0 0.0 0.0 0.0 0.75 0.3333333432674408 1.0 0.0 1.0 
0.0 1.0 0.0 0.0 0.0 0.0 0.5 0.3333333432674408 0.0 1.0 0.0 
0.0 0.0 1.0 0.0 0.0 0.0 0.5 0.5 0.0 1.0 0.0 
0.0 0.0 0.0 1.0 0.0 0.0 0.25 0.5833333134651184 1.0 0.0 1.0 
1.0 0.0 0.0 0.0 0.0 0.0 0.5 0.6666666865348816 1.0 0.0 1.0 
1.0 0.0 0.0 0.0 0.0 0.0 0.5 0.6666666865348816 0.0 1.0 0.0 
0.0 0.0 1.0 0.0 0.0 0.0 0.5 0.8333333134651184 1.0 0.0 1.0 
0.0 0.0 1.0 0.0 0.0 0.0 0.5 0.8333333134651184 0.0 1.0 0.0 
0.0 1.0 0.0 0.0 0.0 0.0 0.5 1.0 1.0 0.0 1.0 
0.0 1.0 0.0 0.0 0.0 0.0 0.5 1.0 0.0 1.0 0.0 
../../../SchenkerDiff/schenkerian_clusters/Chorale_31700/Chorale_31700_segment_10

N=20
X: 
11 2 7 12 11 2 14 7 12 11 9 12 15 15 11 11 15 7 7 12 
E: 
0 5 3 6 0 0 0 0 0 0 0 0 0 0 0 0 0 0 0 0 
5 0 6 1 0 0 0 0 0 0 0 0 0 0 0 0 0 0 0 0 
3 6 0 5 3 6 0 0 0 0 0 0 0 0 0 0 0 0 0 0 
6 1 5 0 6 1 0 0 0 0 0 0 0 0 0 0 0 0 0 0 
0 0 3 6 0 5 3 6 0 0 0 0 0 0 0 0 0 0 0 0 
0 0 6 1 5 0 6 1 0 0 0 0 0 0 0 0 0 0 0 0 
0 0 0 0 3 6 0 5 3 6 0 0 0 0 0 0 0 0 0 0 
0 0 0 0 6 1 5 0 6 1 0 0 0 0 0 0 0 0 0 0 
0 0 0 0 0 0 3 6 0 5 3 6 0 0 0 0 0 0 0 0 
0 0 0 0 0 0 6 1 5 0 6 1 0 0 0 0 0 0 0 0 
0 0 0 0 0 0 0 0 3 6 0 5 3 6 0 0 0 0 0 0 
0 0 0 0 0 0 0 0 6 1 5 0 6 1 0 0 0 0 0 0 
0 0 0 0 0 0 0 0 0 0 3 6 0 5 3 6 0 0 0 0 
0 0 0 0 0 0 0 0 0 0 6 1 5 0 6 1 0 0 0 0 
0 0 0 0 0 0 0 0 0 0 0 0 3 6 0 5 8 3 0 0 
0 0 0 0 0 0 0 0 0 0 0 0 6 1 5 0 1 0 0 0 
0 0 0 0 0 0 0 0 0 0 0 0 0 0 8 1 0 8 6 1 
0 0 0 0 0 0 0 0 0 0 0 0 0 0 3 0 8 0 3 6 
0 0 0 0 0 0 0 0 0 0 0 0 0 0 0 0 6 3 0 5 
0 0 0 0 0 0 0 0 0 0 0 0 0 0 0 0 1 6 5 0 
R: 
1.0 0.0 0.0 0.0 0.0 0.0 0.25 0.0 1.0 0.0 1.0 
1.0 0.0 0.0 0.0 0.0 0.0 0.25 0.0 0.0 1.0 0.0 
0.0 0.0 0.0 1.0 0.0 0.0 0.25 0.0833333358168602 1.0 0.0 1.0 
0.0 0.0 0.0 1.0 0.0 0.0 0.25 0.0833333358168602 0.0 1.0 0.0 
0.0 0.0 1.0 0.0 0.0 0.0 0.25 0.1666666716337204 1.0 0.0 1.0 
0.0 0.0 1.0 0.0 0.0 0.0 0.25 0.1666666716337204 0.0 1.0 0.0 
0.0 0.0 0.0 1.0 0.0 0.0 0.25 0.25 1.0 0.0 1.0 
0.0 0.0 0.0 1.0 0.0 0.0 0.25 0.25 0.0 1.0 0.0 
0.0 1.0 0.0 0.0 0.0 0.0 0.5 0.3333333432674408 1.0 0.0 1.0 
0.0 1.0 0.0 0.0 0.0 0.0 0.5 0.3333333432674408 0.0 1.0 0.0 
0.0 0.0 1.0 0.0 0.0 0.0 0.25 0.5 1.0 0.0 1.0 
0.0 0.0 1.0 0.0 0.0 0.0 0.25 0.5 0.0 1.0 0.0 
0.0 0.0 0.0 1.0 0.0 0.0 0.25 0.5833333134651184 1.0 0.0 1.0 
0.0 0.0 0.0 1.0 0.0 0.0 0.25 0.5833333134651184 0.0 1.0 0.0 
1.0 0.0 0.0 0.0 0.0 0.0 0.75 0.6666666865348816 1.0 0.0 1.0 
1.0 0.0 0.0 0.0 0.0 0.0 0.5 0.6666666865348816 0.0 1.0 0.0 
0.0 0.0 1.0 0.0 0.0 0.0 0.5 0.8333333134651184 0.0 1.0 0.0 
0.0 0.0 0.0 1.0 0.0 0.0 0.25 0.9166666865348816 1.0 0.0 1.0 
0.0 1.0 0.0 0.0 0.0 0.0 0.5 1.0 1.0 0.0 1.0 
0.0 1.0 0.0 0.0 0.0 0.0 0.5 1.0 0.0 1.0 0.0 
../../../SchenkerDiff/schenkerian_clusters/Chorale_8506/Chorale_8506_segment_06

N=8
X: 
10 12 7 6 2 8 7 12 
E: 
0 5 3 6 0 0 0 0 
5 0 6 1 0 0 0 0 
3 6 0 5 3 6 0 0 
6 1 5 0 6 1 0 0 
0 0 3 6 0 5 3 6 
0 0 6 1 5 0 6 1 
0 0 0 0 3 6 0 5 
0 0 0 0 6 1 5 0 
R: 
1.0 0.0 0.0 0.0 0.0 0.0 1.0 0.0 1.0 0.0 1.0 
1.0 0.0 0.0 0.0 0.0 0.0 1.0 0.0 0.0 1.0 0.0 
0.0 1.0 0.0 0.0 0.0 0.0 1.0 0.3333333432674408 1.0 0.0 1.0 
0.0 1.0 0.0 0.0 0.0 0.0 1.0 0.3333333432674408 0.0 1.0 0.0 
1.0 0.0 0.0 0.0 0.0 0.0 1.0 0.6666666865348816 1.0 0.0 1.0 
1.0 0.0 0.0 0.0 0.0 0.0 1.0 0.6666666865348816 0.0 1.0 0.0 
0.0 1.0 0.0 0.0 0.0 0.0 1.0 1.0 1.0 0.0 1.0 
0.0 1.0 0.0 0.0 0.0 0.0 1.0 1.0 0.0 1.0 0.0 
../../../SchenkerDiff/schenkerian_clusters/Chorale_17206/Chorale_17206_segment_07

N=10
X: 
2 11 7 7 11 2 7 14 2 11 
E: 
0 5 3 6 0 0 0 0 0 0 
5 0 6 1 0 0 0 0 0 0 
3 6 0 5 3 6 0 0 0 0 
6 1 5 0 6 1 0 0 0 0 
0 0 3 6 0 5 3 6 0 0 
0 0 6 1 5 0 6 1 0 0 
0 0 0 0 3 6 0 5 3 6 
0 0 0 0 6 1 5 0 6 1 
0 0 0 0 0 0 3 6 0 5 
0 0 0 0 0 0 6 1 5 0 
R: 
1.0 0.0 0.0 0.0 0.0 0.0 0.5 0.0 1.0 0.0 1.0 
1.0 0.0 0.0 0.0 0.0 0.0 0.5 0.0 0.0 1.0 0.0 
0.0 0.0 1.0 0.0 0.0 0.0 0.5 0.25 1.0 0.0 1.0 
0.0 0.0 1.0 0.0 0.0 0.0 0.5 0.25 0.0 1.0 0.0 
0.0 1.0 0.0 0.0 0.0 0.0 0.5 0.5 1.0 0.0 1.0 
0.0 1.0 0.0 0.0 0.0 0.0 0.5 0.5 0.0 1.0 0.0 
0.0 0.0 1.0 0.0 0.0 0.0 0.5 0.75 1.0 0.0 1.0 
0.0 0.0 1.0 0.0 0.0 0.0 0.5 0.75 0.0 1.0 0.0 
1.0 0.0 0.0 0.0 0.0 0.0 1.5 1.0 1.0 0.0 1.0 
1.0 0.0 0.0 0.0 0.0 0.0 1.5 1.0 0.0 1.0 0.0 
../../../SchenkerDiff/schenkerian_clusters/Chorale_16606/Chorale_16606_segment_02

N=15
X: 
12 12 10 14 7 10 7 10 2 7 2 10 8 7 12 
E: 
0 5 3 6 0 0 0 0 0 0 0 0 0 0 0 
5 0 6 1 0 0 0 0 0 0 0 0 0 0 0 
3 6 0 5 3 6 0 0 0 0 0 0 0 0 0 
6 1 5 0 6 1 0 0 0 0 0 0 0 0 0 
0 0 3 6 0 5 8 3 6 0 0 0 0 0 0 
0 0 6 1 5 0 1 0 0 0 0 0 0 0 0 
0 0 0 0 8 1 0 6 1 0 0 0 0 0 0 
0 0 0 0 3 0 6 0 5 3 0 0 0 0 0 
0 0 0 0 6 0 1 5 0 8 6 1 0 0 0 
0 0 0 0 0 0 0 3 8 0 3 6 0 0 0 
0 0 0 0 0 0 0 0 6 3 0 5 8 3 6 
0 0 0 0 0 0 0 0 1 6 5 0 1 0 0 
0 0 0 0 0 0 0 0 0 0 8 1 0 6 1 
0 0 0 0 0 0 0 0 0 0 3 0 6 0 5 
0 0 0 0 0 0 0 0 0 0 6 0 1 5 0 
R: 
1.0 0.0 0.0 0.0 0.0 0.0 0.5 0.0 1.0 0.0 1.0 
1.0 0.0 0.0 0.0 0.0 0.0 0.5 0.0 0.0 1.0 0.0 
0.0 0.0 1.0 0.0 0.0 0.0 0.5 0.1666666716337204 1.0 0.0 1.0 
0.0 0.0 1.0 0.0 0.0 0.0 0.5 0.1666666716337204 0.0 1.0 0.0 
0.0 1.0 0.0 0.0 0.0 0.0 0.5 0.3333333432674408 1.0 0.0 1.0 
0.0 1.0 0.0 0.0 0.0 0.0 0.25 0.3333333432674408 0.0 1.0 0.0 
0.0 0.0 0.0 1.0 0.0 0.0 0.25 0.4166666567325592 0.0 1.0 0.0 
0.0 0.0 1.0 0.0 0.0 0.0 0.25 0.5 1.0 0.0 1.0 
0.0 0.0 1.0 0.0 0.0 0.0 0.5 0.5 0.0 1.0 0.0 
0.0 0.0 0.0 1.0 0.0 0.0 0.25 0.5833333134651184 1.0 0.0 1.0 
1.0 0.0 0.0 0.0 0.0 0.0 1.0 0.6666666865348816 1.0 0.0 1.0 
1.0 0.0 0.0 0.0 0.0 0.0 0.5 0.6666666865348816 0.0 1.0 0.0 
0.0 0.0 1.0 0.0 0.0 0.0 0.5 0.8333333134651184 0.0 1.0 0.0 
0.0 1.0 0.0 0.0 0.0 0.0 1.0 1.0 1.0 0.0 1.0 
0.0 1.0 0.0 0.0 0.0 0.0 1.0 1.0 0.0 1.0 0.0 
../../../SchenkerDiff/schenkerian_clusters/Chorale_40400/Chorale_40400_segment_03

N=20
X: 
7 12 10 2 14 7 12 10 7 10 2 7 7 2 7 10 10 14 7 12 
E: 
0 5 3 6 0 0 0 0 0 0 0 0 0 0 0 0 0 0 0 0 
5 0 6 1 0 0 0 0 0 0 0 0 0 0 0 0 0 0 0 0 
3 6 0 5 3 6 0 0 0 0 0 0 0 0 0 0 0 0 0 0 
6 1 5 0 6 1 0 0 0 0 0 0 0 0 0 0 0 0 0 0 
0 0 3 6 0 5 3 6 0 0 0 0 0 0 0 0 0 0 0 0 
0 0 6 1 5 0 6 1 0 0 0 0 0 0 0 0 0 0 0 0 
0 0 0 0 3 6 0 5 8 3 6 0 0 0 0 0 0 0 0 0 
0 0 0 0 6 1 5 0 1 0 0 0 0 0 0 0 0 0 0 0 
0 0 0 0 0 0 8 1 0 6 1 0 0 0 0 0 0 0 0 0 
0 0 0 0 0 0 3 0 6 0 5 8 3 6 0 0 0 0 0 0 
0 0 0 0 0 0 6 0 1 5 0 1 0 0 0 0 0 0 0 0 
0 0 0 0 0 0 0 0 0 8 1 0 6 1 0 0 0 0 0 0 
0 0 0 0 0 0 0 0 0 3 0 6 0 5 8 3 6 0 0 0 
0 0 0 0 0 0 0 0 0 6 0 1 5 0 1 0 0 0 0 0 
0 0 0 0 0 0 0 0 0 0 0 0 8 1 0 6 1 0 0 0 
0 0 0 0 0 0 0 0 0 0 0 0 3 0 6 0 5 8 3 6 
0 0 0 0 0 0 0 0 0 0 0 0 6 0 1 5 0 1 0 0 
0 0 0 0 0 0 0 0 0 0 0 0 0 0 0 8 1 0 6 1 
0 0 0 0 0 0 0 0 0 0 0 0 0 0 0 3 0 6 0 5 
0 0 0 0 0 0 0 0 0 0 0 0 0 0 0 6 0 1 5 0 
R: 
1.0 0.0 0.0 0.0 0.0 0.0 0.5 0.0 1.0 0.0 1.0 
1.0 0.0 0.0 0.0 0.0 0.0 0.5 0.0 0.0 1.0 0.0 
0.0 0.0 1.0 0.0 0.0 0.0 0.25 0.1666666716337204 1.0 0.0 1.0 
0.0 0.0 1.0 0.0 0.0 0.0 0.25 0.1666666716337204 0.0 1.0 0.0 
0.0 0.0 0.0 1.0 0.0 0.0 0.25 0.25 1.0 0.0 1.0 
0.0 0.0 0.0 1.0 0.0 0.0 0.25 0.25 0.0 1.0 0.0 
0.0 1.0 0.0 0.0 0.0 0.0 0.5 0.3333333432674408 1.0 0.0 1.0 
0.0 1.0 0.0 0.0 0.0 0.0 0.25 0.3333333432674408 0.0 1.0 0.0 
0.0 0.0 0.0 1.0 0.0 0.0 0.25 0.4166666567325592 0.0 1.0 0.0 
0.0 0.0 1.0 0.0 0.0 0.0 0.5 0.5 1.0 0.0 1.0 
0.0 0.0 1.0 0.0 0.0 0.0 0.25 0.5 0.0 1.0 0.0 
0.0 0.0 0.0 1.0 0.0 0.0 0.25 0.5833333134651184 0.0 1.0 0.0 
1.0 0.0 0.0 0.0 0.0 0.0 0.5 0.6666666865348816 1.0 0.0 1.0 
1.0 0.0 0.0 0.0 0.0 0.0 0.25 0.6666666865348816 0.0 1.0 0.0 
0.0 0.0 0.0 1.0 0.0 0.0 0.25 0.75 0.0 1.0 0.0 
0.0 0.0 1.0 0.0 0.0 0.0 0.5 0.8333333134651184 1.0 0.0 1.0 
0.0 0.0 1.0 0.0 0.0 0.0 0.25 0.8333333134651184 0.0 1.0 0.0 
0.0 0.0 0.0 1.0 0.0 0.0 0.25 0.9166666865348816 0.0 1.0 0.0 
0.0 1.0 0.0 0.0 0.0 0.0 1.0 1.0 1.0 0.0 1.0 
0.0 1.0 0.0 0.0 0.0 0.0 1.0 1.0 0.0 1.0 0.0 
../../../SchenkerDiff/schenkerian_clusters/Chorale_27700/Chorale_27700_segment_07

N=17
X: 
7 11 7 11 2 7 12 11 2 14 15 11 14 7 12 2 2 
E: 
0 5 8 3 6 0 0 0 0 0 0 0 0 0 0 0 0 
5 0 1 0 0 0 0 0 0 0 0 0 0 0 0 0 0 
8 1 0 6 1 0 0 0 0 0 0 0 0 0 0 0 0 
3 0 6 0 5 3 6 0 0 0 0 0 0 0 0 0 0 
6 0 1 5 0 6 1 0 0 0 0 0 0 0 0 0 0 
0 0 0 3 6 0 5 3 6 0 0 0 0 0 0 0 0 
0 0 0 6 1 5 0 6 1 0 0 0 0 0 0 0 0 
0 0 0 0 0 3 6 0 5 3 6 0 0 0 0 0 0 
0 0 0 0 0 6 1 5 0 6 1 0 0 0 0 0 0 
0 0 0 0 0 0 0 3 6 0 5 3 6 0 0 0 0 
0 0 0 0 0 0 0 6 1 5 0 6 1 0 0 0 0 
0 0 0 0 0 0 0 0 0 3 6 0 5 3 6 0 0 
0 0 0 0 0 0 0 0 0 6 1 5 0 6 1 0 0 
0 0 0 0 0 0 0 0 0 0 0 3 6 0 5 3 6 
0 0 0 0 0 0 0 0 0 0 0 6 1 5 0 6 1 
0 0 0 0 0 0 0 0 0 0 0 0 0 3 6 0 5 
0 0 0 0 0 0 0 0 0 0 0 0 0 6 1 5 0 
R: 
1.0 0.0 0.0 0.0 0.0 0.0 0.5 0.0 1.0 0.0 1.0 
1.0 0.0 0.0 0.0 0.0 0.0 0.25 0.0 0.0 1.0 0.0 
0.0 0.0 0.0 1.0 0.0 0.0 0.25 0.0833333358168602 0.0 1.0 0.0 
0.0 0.0 1.0 0.0 0.0 0.0 0.5 0.1666666716337204 1.0 0.0 1.0 
0.0 0.0 1.0 0.0 0.0 0.0 0.5 0.1666666716337204 0.0 1.0 0.0 
0.0 1.0 0.0 0.0 0.0 0.0 0.5 0.3333333432674408 1.0 0.0 1.0 
0.0 1.0 0.0 0.0 0.0 0.0 0.5 0.3333333432674408 0.0 1.0 0.0 
0.0 0.0 1.0 0.0 0.0 0.0 0.5 0.5 1.0 0.0 1.0 
0.0 0.0 1.0 0.0 0.0 0.0 0.5 0.5 0.0 1.0 0.0 
1.0 0.0 0.0 0.0 0.0 0.0 0.25 0.6666666865348816 1.0 0.0 1.0 
1.0 0.0 0.0 0.0 0.0 0.0 0.25 0.6666666865348816 0.0 1.0 0.0 
0.0 0.0 0.0 1.0 0.0 0.0 0.25 0.75 1.0 0.0 1.0 
0.0 0.0 0.0 1.0 0.0 0.0 0.25 0.75 0.0 1.0 0.0 
0.0 0.0 1.0 0.0 0.0 0.0 0.5 0.8333333134651184 1.0 0.0 1.0 
0.0 0.0 1.0 0.0 0.0 0.0 0.5 0.8333333134651184 0.0 1.0 0.0 
0.0 1.0 0.0 0.0 0.0 0.0 0.5 1.0 1.0 0.0 1.0 
0.0 1.0 0.0 0.0 0.0 0.0 0.5 1.0 0.0 1.0 0.0 
../../../SchenkerDiff/schenkerian_clusters/Chorale_4705/Chorale_4705_segment_02

N=9
X: 
10 12 8 7 14 10 12 10 2 
E: 
0 5 8 3 6 0 0 0 0 
5 0 1 0 0 0 0 0 0 
8 1 0 6 1 0 0 0 0 
3 0 6 0 5 3 6 0 0 
6 0 1 5 0 6 1 0 0 
0 0 0 3 6 0 5 3 6 
0 0 0 6 1 5 0 6 1 
0 0 0 0 0 3 6 0 5 
0 0 0 0 0 6 1 5 0 
R: 
1.0 0.0 0.0 0.0 0.0 0.0 0.5 0.0 1.0 0.0 1.0 
1.0 0.0 0.0 0.0 0.0 0.0 0.25 0.0 0.0 1.0 0.0 
0.0 0.0 0.0 1.0 0.0 0.0 0.25 0.125 0.0 1.0 0.0 
0.0 0.0 1.0 0.0 0.0 0.0 0.5 0.25 1.0 0.0 1.0 
0.0 0.0 1.0 0.0 0.0 0.0 0.5 0.25 0.0 1.0 0.0 
0.0 1.0 0.0 0.0 0.0 0.0 1.0 0.5 1.0 0.0 1.0 
0.0 1.0 0.0 0.0 0.0 0.0 1.0 0.5 0.0 1.0 0.0 
1.0 0.0 0.0 0.0 0.0 0.0 1.0 1.0 1.0 0.0 1.0 
1.0 0.0 0.0 0.0 0.0 0.0 1.0 1.0 0.0 1.0 0.0 
../../../SchenkerDiff/schenkerian_clusters/Chorale_37400/Chorale_37400_segment_01

N=18
X: 
7 12 2 14 7 2 10 7 10 2 7 12 14 2 10 14 7 12 
E: 
0 5 3 6 0 0 0 0 0 0 0 0 0 0 0 0 0 0 
5 0 6 1 0 0 0 0 0 0 0 0 0 0 0 0 0 0 
3 6 0 5 3 0 0 0 0 0 0 0 0 0 0 0 0 0 
6 1 5 0 8 6 1 0 0 0 0 0 0 0 0 0 0 0 
0 0 3 8 0 3 6 0 0 0 0 0 0 0 0 0 0 0 
0 0 0 6 3 0 5 8 3 6 0 0 0 0 0 0 0 0 
0 0 0 1 6 5 0 1 0 0 0 0 0 0 0 0 0 0 
0 0 0 0 0 8 1 0 6 1 0 0 0 0 0 0 0 0 
0 0 0 0 0 3 0 6 0 5 3 6 0 0 0 0 0 0 
0 0 0 0 0 6 0 1 5 0 6 1 0 0 0 0 0 0 
0 0 0 0 0 0 0 0 3 6 0 5 8 3 6 0 0 0 
0 0 0 0 0 0 0 0 6 1 5 0 1 0 0 0 0 0 
0 0 0 0 0 0 0 0 0 0 8 1 0 6 1 0 0 0 
0 0 0 0 0 0 0 0 0 0 3 0 6 0 5 8 3 6 
0 0 0 0 0 0 0 0 0 0 6 0 1 5 0 1 0 0 
0 0 0 0 0 0 0 0 0 0 0 0 0 8 1 0 6 1 
0 0 0 0 0 0 0 0 0 0 0 0 0 3 0 6 0 5 
0 0 0 0 0 0 0 0 0 0 0 0 0 6 0 1 5 0 
R: 
1.0 0.0 0.0 0.0 0.0 0.0 0.5 0.0 1.0 0.0 1.0 
1.0 0.0 0.0 0.0 0.0 0.0 0.5 0.0 0.0 1.0 0.0 
0.0 0.0 1.0 0.0 0.0 0.0 0.25 0.1666666716337204 1.0 0.0 1.0 
0.0 0.0 1.0 0.0 0.0 0.0 0.5 0.1666666716337204 0.0 1.0 0.0 
0.0 0.0 0.0 1.0 0.0 0.0 0.25 0.25 1.0 0.0 1.0 
0.0 1.0 0.0 0.0 0.0 0.0 0.5 0.3333333432674408 1.0 0.0 1.0 
0.0 1.0 0.0 0.0 0.0 0.0 0.25 0.3333333432674408 0.0 1.0 0.0 
0.0 0.0 0.0 1.0 0.0 0.0 0.25 0.4166666567325592 0.0 1.0 0.0 
0.0 0.0 1.0 0.0 0.0 0.0 0.5 0.5 1.0 0.0 1.0 
0.0 0.0 1.0 0.0 0.0 0.0 0.5 0.5 0.0 1.0 0.0 
1.0 0.0 0.0 0.0 0.0 0.0 0.5 0.6666666865348816 1.0 0.0 1.0 
1.0 0.0 0.0 0.0 0.0 0.0 0.25 0.6666666865348816 0.0 1.0 0.0 
0.0 0.0 0.0 1.0 0.0 0.0 0.25 0.75 0.0 1.0 0.0 
0.0 0.0 1.0 0.0 0.0 0.0 0.5 0.8333333134651184 1.0 0.0 1.0 
0.0 0.0 1.0 0.0 0.0 0.0 0.25 0.8333333134651184 0.0 1.0 0.0 
0.0 0.0 0.0 1.0 0.0 0.0 0.25 0.9166666865348816 0.0 1.0 0.0 
0.0 1.0 0.0 0.0 0.0 0.0 1.0 1.0 1.0 0.0 1.0 
0.0 1.0 0.0 0.0 0.0 0.0 1.0 1.0 0.0 1.0 0.0 
../../../SchenkerDiff/schenkerian_clusters/Chorale_31800/Chorale_31800_segment_01

N=16
X: 
10 12 15 7 6 10 2 14 7 12 10 7 12 2 7 12 
E: 
0 5 8 3 6 0 0 0 0 0 0 0 0 0 0 0 
5 0 1 0 0 0 0 0 0 0 0 0 0 0 0 0 
8 1 0 6 1 0 0 0 0 0 0 0 0 0 0 0 
3 0 6 0 5 3 6 0 0 0 0 0 0 0 0 0 
6 0 1 5 0 6 1 0 0 0 0 0 0 0 0 0 
0 0 0 3 6 0 5 3 6 0 0 0 0 0 0 0 
0 0 0 6 1 5 0 6 1 0 0 0 0 0 0 0 
0 0 0 0 0 3 6 0 5 3 6 0 0 0 0 0 
0 0 0 0 0 6 1 5 0 6 1 0 0 0 0 0 
0 0 0 0 0 0 0 3 6 0 5 8 3 6 0 0 
0 0 0 0 0 0 0 6 1 5 0 1 0 0 0 0 
0 0 0 0 0 0 0 0 0 8 1 0 6 1 0 0 
0 0 0 0 0 0 0 0 0 3 0 6 0 5 3 6 
0 0 0 0 0 0 0 0 0 6 0 1 5 0 6 1 
0 0 0 0 0 0 0 0 0 0 0 0 3 6 0 5 
0 0 0 0 0 0 0 0 0 0 0 0 6 1 5 0 
R: 
1.0 0.0 0.0 0.0 0.0 0.0 0.5 0.0 1.0 0.0 1.0 
1.0 0.0 0.0 0.0 0.0 0.0 0.25 0.0 0.0 1.0 0.0 
0.0 0.0 0.0 1.0 0.0 0.0 0.25 0.0833333358168602 0.0 1.0 0.0 
0.0 0.0 1.0 0.0 0.0 0.0 0.5 0.1666666716337204 1.0 0.0 1.0 
0.0 0.0 1.0 0.0 0.0 0.0 0.5 0.1666666716337204 0.0 1.0 0.0 
0.0 1.0 0.0 0.0 0.0 0.0 0.5 0.3333333432674408 1.0 0.0 1.0 
0.0 1.0 0.0 0.0 0.0 0.0 0.5 0.3333333432674408 0.0 1.0 0.0 
0.0 0.0 1.0 0.0 0.0 0.0 0.5 0.5 1.0 0.0 1.0 
0.0 0.0 1.0 0.0 0.0 0.0 0.5 0.5 0.0 1.0 0.0 
1.0 0.0 0.0 0.0 0.0 0.0 0.5 0.6666666865348816 1.0 0.0 1.0 
1.0 0.0 0.0 0.0 0.0 0.0 0.25 0.6666666865348816 0.0 1.0 0.0 
0.0 0.0 0.0 1.0 0.0 0.0 0.25 0.75 0.0 1.0 0.0 
0.0 0.0 1.0 0.0 0.0 0.0 0.5 0.8333333134651184 1.0 0.0 1.0 
0.0 0.0 1.0 0.0 0.0 0.0 0.5 0.8333333134651184 0.0 1.0 0.0 
0.0 1.0 0.0 0.0 0.0 0.0 1.0 1.0 1.0 0.0 1.0 
0.0 1.0 0.0 0.0 0.0 0.0 1.0 1.0 0.0 1.0 0.0 
../../../SchenkerDiff/schenkerian_clusters/Chorale_15403/Chorale_15403_segment_07

N=9
X: 
2 8 7 6 10 2 12 7 12 
E: 
0 5 3 6 0 0 0 0 0 
5 0 6 1 0 0 0 0 0 
3 6 0 5 3 6 0 0 0 
6 1 5 0 6 1 0 0 0 
0 0 3 6 0 5 8 3 6 
0 0 6 1 5 0 1 0 0 
0 0 0 0 8 1 0 6 1 
0 0 0 0 3 0 6 0 5 
0 0 0 0 6 0 1 5 0 
R: 
1.0 0.0 0.0 0.0 0.0 0.0 0.5 0.0 1.0 0.0 1.0 
1.0 0.0 0.0 0.0 0.0 0.0 0.5 0.0 0.0 1.0 0.0 
0.0 0.0 1.0 0.0 0.0 0.0 0.5 0.25 1.0 0.0 1.0 
0.0 0.0 1.0 0.0 0.0 0.0 0.5 0.25 0.0 1.0 0.0 
0.0 1.0 0.0 0.0 0.0 0.0 1.0 0.5 1.0 0.0 1.0 
0.0 1.0 0.0 0.0 0.0 0.0 0.5 0.5 0.0 1.0 0.0 
0.0 0.0 1.0 0.0 0.0 0.0 0.5 0.75 0.0 1.0 0.0 
1.0 0.0 0.0 0.0 0.0 0.0 1.0 1.0 1.0 0.0 1.0 
1.0 0.0 0.0 0.0 0.0 0.0 1.0 1.0 0.0 1.0 0.0 
../../../SchenkerDiff/schenkerian_clusters/Chorale_32200/Chorale_32200_segment_05

N=20
X: 
7 12 11 2 7 7 2 11 7 7 11 2 14 7 12 2 15 2 12 12 
E: 
0 5 3 6 0 0 0 0 0 0 0 0 0 0 0 0 0 0 0 0 
5 0 6 1 0 0 0 0 0 0 0 0 0 0 0 0 0 0 0 0 
3 6 0 5 3 6 0 0 0 0 0 0 0 0 0 0 0 0 0 0 
6 1 5 0 6 1 0 0 0 0 0 0 0 0 0 0 0 0 0 0 
0 0 3 6 0 5 3 6 0 0 0 0 0 0 0 0 0 0 0 0 
0 0 6 1 5 0 6 1 0 0 0 0 0 0 0 0 0 0 0 0 
0 0 0 0 3 6 0 5 3 6 0 0 0 0 0 0 0 0 0 0 
0 0 0 0 6 1 5 0 6 1 0 0 0 0 0 0 0 0 0 0 
0 0 0 0 0 0 3 6 0 5 3 6 0 0 0 0 0 0 0 0 
0 0 0 0 0 0 6 1 5 0 6 1 0 0 0 0 0 0 0 0 
0 0 0 0 0 0 0 0 3 6 0 5 3 6 0 0 0 0 0 0 
0 0 0 0 0 0 0 0 6 1 5 0 6 1 0 0 0 0 0 0 
0 0 0 0 0 0 0 0 0 0 3 6 0 5 3 6 0 0 0 0 
0 0 0 0 0 0 0 0 0 0 6 1 5 0 6 1 0 0 0 0 
0 0 0 0 0 0 0 0 0 0 0 0 3 6 0 5 3 6 0 0 
0 0 0 0 0 0 0 0 0 0 0 0 6 1 5 0 6 1 0 0 
0 0 0 0 0 0 0 0 0 0 0 0 0 0 3 6 0 5 3 6 
0 0 0 0 0 0 0 0 0 0 0 0 0 0 6 1 5 0 6 1 
0 0 0 0 0 0 0 0 0 0 0 0 0 0 0 0 3 6 0 5 
0 0 0 0 0 0 0 0 0 0 0 0 0 0 0 0 6 1 5 0 
R: 
1.0 0.0 0.0 0.0 0.0 0.0 0.5 0.0 1.0 0.0 1.0 
1.0 0.0 0.0 0.0 0.0 0.0 0.5 0.0 0.0 1.0 0.0 
0.0 1.0 0.0 0.0 0.0 0.0 0.5 0.1111111119389534 1.0 0.0 1.0 
0.0 1.0 0.0 0.0 0.0 0.0 0.5 0.1111111119389534 0.0 1.0 0.0 
0.0 0.0 1.0 0.0 0.0 0.0 0.5 0.2222222238779068 1.0 0.0 1.0 
0.0 0.0 1.0 0.0 0.0 0.0 0.5 0.2222222238779068 0.0 1.0 0.0 
1.0 0.0 0.0 0.0 0.0 0.0 0.75 0.3333333432674408 1.0 0.0 1.0 
1.0 0.0 0.0 0.0 0.0 0.0 0.75 0.3333333432674408 0.0 1.0 0.0 
0.0 0.0 0.0 1.0 0.0 0.0 0.25 0.5 1.0 0.0 1.0 
0.0 0.0 0.0 1.0 0.0 0.0 0.25 0.5 0.0 1.0 0.0 
0.0 0.0 1.0 0.0 0.0 0.0 0.5 0.5555555820465088 1.0 0.0 1.0 
0.0 0.0 1.0 0.0 0.0 0.0 0.5 0.5555555820465088 0.0 1.0 0.0 
1.0 0.0 0.0 0.0 0.0 0.0 0.5 0.6666666865348816 1.0 0.0 1.0 
1.0 0.0 0.0 0.0 0.0 0.0 0.5 0.6666666865348816 0.0 1.0 0.0 
0.0 1.0 0.0 0.0 0.0 0.0 0.5 0.7777777910232544 1.0 0.0 1.0 
0.0 1.0 0.0 0.0 0.0 0.0 0.5 0.7777777910232544 0.0 1.0 0.0 
0.0 0.0 1.0 0.0 0.0 0.0 0.5 0.8888888955116272 1.0 0.0 1.0 
0.0 0.0 1.0 0.0 0.0 0.0 0.5 0.8888888955116272 0.0 1.0 0.0 
1.0 0.0 0.0 0.0 0.0 0.0 1.5 1.0 1.0 0.0 1.0 
1.0 0.0 0.0 0.0 0.0 0.0 1.5 1.0 0.0 1.0 0.0 
../../../SchenkerDiff/schenkerian_clusters/Chorale_12206/Chorale_12206_segment_03

N=12
X: 
2 12 14 2 10 6 7 12 10 14 7 12 
E: 
0 5 8 3 6 0 0 0 0 0 0 0 
5 0 1 0 0 0 0 0 0 0 0 0 
8 1 0 6 1 0 0 0 0 0 0 0 
3 0 6 0 5 3 0 0 0 0 0 0 
6 0 1 5 0 8 1 0 0 0 0 0 
0 0 0 3 8 0 8 3 6 0 0 0 
0 0 0 0 1 8 0 6 1 0 0 0 
0 0 0 0 0 3 6 0 5 8 3 6 
0 0 0 0 0 6 1 5 0 1 0 0 
0 0 0 0 0 0 0 8 1 0 6 1 
0 0 0 0 0 0 0 3 0 6 0 5 
0 0 0 0 0 0 0 6 0 1 5 0 
R: 
1.0 0.0 0.0 0.0 0.0 0.0 0.5 0.0 1.0 0.0 1.0 
1.0 0.0 0.0 0.0 0.0 0.0 0.25 0.0 0.0 1.0 0.0 
0.0 0.0 0.0 1.0 0.0 0.0 0.25 0.125 0.0 1.0 0.0 
0.0 0.0 1.0 0.0 0.0 0.0 0.5 0.25 1.0 0.0 1.0 
0.0 0.0 1.0 0.0 0.0 0.0 0.75 0.25 0.0 1.0 0.0 
0.0 1.0 0.0 0.0 0.0 0.0 0.5 0.5 1.0 0.0 1.0 
0.0 0.0 0.0 1.0 0.0 0.0 0.25 0.625 0.0 1.0 0.0 
0.0 0.0 1.0 0.0 0.0 0.0 0.5 0.75 1.0 0.0 1.0 
0.0 0.0 1.0 0.0 0.0 0.0 0.25 0.75 0.0 1.0 0.0 
0.0 0.0 0.0 1.0 0.0 0.0 0.25 0.875 0.0 1.0 0.0 
1.0 0.0 0.0 0.0 0.0 0.0 1.0 1.0 1.0 0.0 1.0 
1.0 0.0 0.0 0.0 0.0 0.0 1.0 1.0 0.0 1.0 0.0 
../../../SchenkerDiff/schenkerian_clusters/Chorale_38300/Chorale_38300_segment_13

N=9
X: 
12 10 6 2 8 7 12 10 2 
E: 
0 5 8 3 6 0 0 0 0 
5 0 1 0 0 0 0 0 0 
8 1 0 6 1 0 0 0 0 
3 0 6 0 5 3 6 0 0 
6 0 1 5 0 6 1 0 0 
0 0 0 3 6 0 5 3 6 
0 0 0 6 1 5 0 6 1 
0 0 0 0 0 3 6 0 5 
0 0 0 0 0 6 1 5 0 
R: 
1.0 0.0 0.0 0.0 0.0 0.0 0.5 0.0 1.0 0.0 1.0 
1.0 0.0 0.0 0.0 0.0 0.0 0.25 0.0 0.0 1.0 0.0 
0.0 0.0 0.0 1.0 0.0 0.0 0.25 0.125 0.0 1.0 0.0 
0.0 0.0 1.0 0.0 0.0 0.0 0.5 0.25 1.0 0.0 1.0 
0.0 0.0 1.0 0.0 0.0 0.0 0.5 0.25 0.0 1.0 0.0 
0.0 1.0 0.0 0.0 0.0 0.0 1.0 0.5 1.0 0.0 1.0 
0.0 1.0 0.0 0.0 0.0 0.0 1.0 0.5 0.0 1.0 0.0 
1.0 0.0 0.0 0.0 0.0 0.0 0.5 1.0 1.0 0.0 1.0 
1.0 0.0 0.0 0.0 0.0 0.0 0.5 1.0 0.0 1.0 0.0 
../../../SchenkerDiff/schenkerian_clusters/Chorale_22602/Chorale_22602_segment_10

