N=15
X: 
10 12 14 7 10 2 9 7 10 2 14 7 12 12 12 
E: 
0 5 3 6 0 0 0 0 0 0 0 0 0 0 0 
5 0 6 1 0 0 0 0 0 0 0 0 0 0 0 
4 7 0 5 3 6 0 0 0 0 0 0 0 0 0 
7 2 5 0 6 1 0 0 0 0 0 0 0 0 0 
0 0 4 7 0 5 8 3 0 0 0 0 0 0 0 
0 0 7 2 5 0 1 0 0 0 0 0 0 0 0 
0 0 0 0 0 2 0 8 6 1 0 0 0 0 0 
0 0 0 0 4 0 0 0 3 6 0 0 0 0 0 
0 0 0 0 0 0 7 4 0 5 3 6 0 0 0 
0 0 0 0 0 0 2 7 5 0 6 1 0 0 0 
0 0 0 0 0 0 0 0 4 7 0 5 8 3 6 
0 0 0 0 0 0 0 0 7 2 5 0 1 0 0 
0 0 0 0 0 0 0 0 0 0 0 2 0 6 1 
0 0 0 0 0 0 0 0 0 0 4 0 7 0 5 
0 0 0 0 0 0 0 0 0 0 7 0 2 5 0 
R: 
1.0 0.0 0.0 0.0 0.0 0.0 1.0 0.0 1.0 0.0 1.0 
1.0 0.0 0.0 0.0 0.0 0.0 1.0 0.0 0.0 1.0 0.0 
0.0 0.0 1.0 0.0 0.0 0.0 0.5 0.2222222238779068 1.0 0.0 1.0 
0.0 0.0 1.0 0.0 0.0 0.0 0.5 0.2222222238779068 0.0 1.0 0.0 
1.0 0.0 0.0 0.0 0.0 0.0 1.0 0.3333333432674408 1.0 0.0 1.0 
1.0 0.0 0.0 0.0 0.0 0.0 0.5 0.3333333432674408 0.0 1.0 0.0 
0.0 1.0 0.0 0.0 0.0 0.0 1.0 0.4444444477558136 0.0 1.0 0.0 
0.0 0.0 1.0 0.0 0.0 0.0 0.5 0.5555555820465088 1.0 0.0 1.0 
1.0 0.0 0.0 0.0 0.0 0.0 0.5 0.6666666865348816 1.0 0.0 1.0 
1.0 0.0 0.0 0.0 0.0 0.0 0.5 0.6666666865348816 0.0 1.0 0.0 
0.0 1.0 0.0 0.0 0.0 0.0 1.0 0.7777777910232544 1.0 0.0 1.0 
0.0 1.0 0.0 0.0 0.0 0.0 0.5 0.7777777910232544 0.0 1.0 0.0 
0.0 0.0 1.0 0.0 0.0 0.0 0.5 0.8888888955116272 0.0 1.0 0.0 
1.0 0.0 0.0 0.0 0.0 0.0 1.0 1.0 1.0 0.0 1.0 
1.0 0.0 0.0 0.0 0.0 0.0 1.0 1.0 0.0 1.0 0.0 
../../../SchenkerDiff/schenkerian_clusters/Chorale_14505/Chorale_14505_segment_04

N=16
X: 
10 2 9 10 2 14 10 12 7 10 10 14 7 12 2 2 
E: 
0 5 8 3 6 0 0 0 0 0 0 0 0 0 0 0 
5 0 1 0 0 0 0 0 0 0 0 0 0 0 0 0 
0 2 0 6 1 0 0 0 0 0 0 0 0 0 0 0 
4 0 7 0 5 3 0 0 0 0 0 0 0 0 0 0 
7 0 2 5 0 8 6 1 0 0 0 0 0 0 0 0 
0 0 0 4 0 0 3 6 0 0 0 0 0 0 0 0 
0 0 0 0 7 4 0 5 3 0 0 0 0 0 0 0 
0 0 0 0 2 7 5 0 8 6 1 0 0 0 0 0 
0 0 0 0 0 0 4 0 0 3 6 0 0 0 0 0 
0 0 0 0 0 0 0 7 4 0 5 8 3 6 0 0 
0 0 0 0 0 0 0 2 7 5 0 1 0 0 0 0 
0 0 0 0 0 0 0 0 0 0 2 0 6 1 0 0 
0 0 0 0 0 0 0 0 0 4 0 7 0 5 3 6 
0 0 0 0 0 0 0 0 0 7 0 2 5 0 6 1 
0 0 0 0 0 0 0 0 0 0 0 0 4 7 0 5 
0 0 0 0 0 0 0 0 0 0 0 0 7 2 5 0 
R: 
1.0 0.0 0.0 0.0 0.0 0.0 0.5 0.0 1.0 0.0 1.0 
1.0 0.0 0.0 0.0 0.0 0.0 0.25 0.0 0.0 1.0 0.0 
0.0 0.0 0.0 1.0 0.0 0.0 0.25 0.0833333358168602 0.0 1.0 0.0 
0.0 0.0 1.0 0.0 0.0 0.0 0.25 0.1666666716337204 1.0 0.0 1.0 
0.0 0.0 1.0 0.0 0.0 0.0 0.5 0.1666666716337204 0.0 1.0 0.0 
0.0 0.0 0.0 1.0 0.0 0.0 0.25 0.25 1.0 0.0 1.0 
0.0 1.0 0.0 0.0 0.0 0.0 0.25 0.3333333432674408 1.0 0.0 1.0 
0.0 1.0 0.0 0.0 0.0 0.0 0.5 0.3333333432674408 0.0 1.0 0.0 
0.0 0.0 0.0 1.0 0.0 0.0 0.25 0.4166666567325592 1.0 0.0 1.0 
0.0 0.0 1.0 0.0 0.0 0.0 0.5 0.5 1.0 0.0 1.0 
0.0 0.0 1.0 0.0 0.0 0.0 0.25 0.5 0.0 1.0 0.0 
0.0 0.0 0.0 1.0 0.0 0.0 0.25 0.5833333134651184 0.0 1.0 0.0 
1.0 0.0 0.0 0.0 0.0 0.0 1.0 0.6666666865348816 1.0 0.0 1.0 
1.0 0.0 0.0 0.0 0.0 0.0 1.0 0.6666666865348816 0.0 1.0 0.0 
0.0 1.0 0.0 0.0 0.0 0.0 1.0 1.0 1.0 0.0 1.0 
0.0 1.0 0.0 0.0 0.0 0.0 1.0 1.0 0.0 1.0 0.0 
../../../SchenkerDiff/schenkerian_clusters/Chorale_18007/Chorale_18007_segment_04

N=19
X: 
7 12 2 8 6 7 12 14 10 12 14 7 14 10 12 7 12 7 12 
E: 
0 5 3 6 0 0 0 0 0 0 0 0 0 0 0 0 0 0 0 
5 0 6 1 0 0 0 0 0 0 0 0 0 0 0 0 0 0 0 
4 7 0 5 8 3 6 0 0 0 0 0 0 0 0 0 0 0 0 
7 2 5 0 1 0 0 0 0 0 0 0 0 0 0 0 0 0 0 
0 0 0 2 0 6 1 0 0 0 0 0 0 0 0 0 0 0 0 
0 0 4 0 7 0 5 8 3 6 0 0 0 0 0 0 0 0 0 
0 0 7 0 2 5 0 1 0 0 0 0 0 0 0 0 0 0 0 
0 0 0 0 0 0 2 0 6 1 0 0 0 0 0 0 0 0 0 
0 0 0 0 0 4 0 7 0 5 3 6 0 0 0 0 0 0 0 
0 0 0 0 0 7 0 2 5 0 6 1 0 0 0 0 0 0 0 
0 0 0 0 0 0 0 0 4 7 0 5 8 3 6 0 0 0 0 
0 0 0 0 0 0 0 0 7 2 5 0 1 0 0 0 0 0 0 
0 0 0 0 0 0 0 0 0 0 0 2 0 6 1 0 0 0 0 
0 0 0 0 0 0 0 0 0 0 4 0 7 0 5 3 6 0 0 
0 0 0 0 0 0 0 0 0 0 7 0 2 5 0 6 1 0 0 
0 0 0 0 0 0 0 0 0 0 0 0 0 4 7 0 5 3 6 
0 0 0 0 0 0 0 0 0 0 0 0 0 7 2 5 0 6 1 
0 0 0 0 0 0 0 0 0 0 0 0 0 0 0 4 7 0 5 
0 0 0 0 0 0 0 0 0 0 0 0 0 0 0 7 2 5 0 
R: 
1.0 0.0 0.0 0.0 0.0 0.0 0.5 0.0 1.0 0.0 1.0 
1.0 0.0 0.0 0.0 0.0 0.0 0.5 0.0 0.0 1.0 0.0 
0.0 0.0 1.0 0.0 0.0 0.0 0.5 0.1428571492433548 1.0 0.0 1.0 
0.0 0.0 1.0 0.0 0.0 0.0 0.25 0.1428571492433548 0.0 1.0 0.0 
0.0 0.0 0.0 1.0 0.0 0.0 0.25 0.2142857164144516 0.0 1.0 0.0 
0.0 1.0 0.0 0.0 0.0 0.0 0.5 0.2857142984867096 1.0 0.0 1.0 
0.0 1.0 0.0 0.0 0.0 0.0 0.25 0.2857142984867096 0.0 1.0 0.0 
0.0 0.0 0.0 1.0 0.0 0.0 0.25 0.3571428656578064 0.0 1.0 0.0 
0.0 0.0 1.0 0.0 0.0 0.0 0.5 0.4285714328289032 1.0 0.0 1.0 
0.0 0.0 1.0 0.0 0.0 0.0 0.5 0.4285714328289032 0.0 1.0 0.0 
1.0 0.0 0.0 0.0 0.0 0.0 0.5 0.5714285969734192 1.0 0.0 1.0 
1.0 0.0 0.0 0.0 0.0 0.0 0.25 0.5714285969734192 0.0 1.0 0.0 
0.0 0.0 0.0 1.0 0.0 0.0 0.25 0.6428571343421936 0.0 1.0 0.0 
0.0 0.0 1.0 0.0 0.0 0.0 0.5 0.7142857313156128 1.0 0.0 1.0 
0.0 0.0 1.0 0.0 0.0 0.0 0.5 0.7142857313156128 0.0 1.0 0.0 
0.0 1.0 0.0 0.0 0.0 0.0 0.5 0.8571428656578064 1.0 0.0 1.0 
0.0 1.0 0.0 0.0 0.0 0.0 0.5 0.8571428656578064 0.0 1.0 0.0 
0.0 0.0 1.0 0.0 0.0 0.0 0.5 1.0 1.0 0.0 1.0 
0.0 0.0 1.0 0.0 0.0 0.0 0.5 1.0 0.0 1.0 0.0 
../../../SchenkerDiff/schenkerian_clusters/Chorale_24440/Chorale_24440_segment_01

N=16
X: 
7 12 10 8 7 6 2 10 7 14 10 12 7 2 2 2 
E: 
0 5 3 6 0 0 0 0 0 0 0 0 0 0 0 0 
5 0 6 1 0 0 0 0 0 0 0 0 0 0 0 0 
4 7 0 5 3 6 0 0 0 0 0 0 0 0 0 0 
7 2 5 0 6 1 0 0 0 0 0 0 0 0 0 0 
0 0 4 7 0 5 3 6 0 0 0 0 0 0 0 0 
0 0 7 2 5 0 6 1 0 0 0 0 0 0 0 0 
0 0 0 0 4 7 0 5 3 6 0 0 0 0 0 0 
0 0 0 0 7 2 5 0 6 1 0 0 0 0 0 0 
0 0 0 0 0 0 4 7 0 5 3 6 0 0 0 0 
0 0 0 0 0 0 7 2 5 0 6 1 0 0 0 0 
0 0 0 0 0 0 0 0 4 7 0 5 3 0 0 0 
0 0 0 0 0 0 0 0 7 2 5 0 8 8 6 1 
0 0 0 0 0 0 0 0 0 0 4 0 0 3 0 0 
0 0 0 0 0 0 0 0 0 0 0 0 4 0 3 6 
0 0 0 0 0 0 0 0 0 0 0 7 0 4 0 5 
0 0 0 0 0 0 0 0 0 0 0 2 0 7 5 0 
R: 
1.0 0.0 0.0 0.0 0.0 0.0 0.5 0.0 1.0 0.0 1.0 
1.0 0.0 0.0 0.0 0.0 0.0 0.5 0.0 0.0 1.0 0.0 
0.0 0.0 1.0 0.0 0.0 0.0 0.5 0.1666666716337204 1.0 0.0 1.0 
0.0 0.0 1.0 0.0 0.0 0.0 0.5 0.1666666716337204 0.0 1.0 0.0 
0.0 1.0 0.0 0.0 0.0 0.0 0.5 0.3333333432674408 1.0 0.0 1.0 
0.0 1.0 0.0 0.0 0.0 0.0 0.5 0.3333333432674408 0.0 1.0 0.0 
0.0 0.0 1.0 0.0 0.0 0.0 0.25 0.5 1.0 0.0 1.0 
0.0 0.0 1.0 0.0 0.0 0.0 0.25 0.5 0.0 1.0 0.0 
0.0 0.0 0.0 1.0 0.0 0.0 0.25 0.5833333134651184 1.0 0.0 1.0 
0.0 0.0 0.0 1.0 0.0 0.0 0.25 0.5833333134651184 0.0 1.0 0.0 
1.0 0.0 0.0 0.0 0.0 0.0 0.5 0.6666666865348816 1.0 0.0 1.0 
1.0 0.0 0.0 0.0 0.0 0.0 1.0 0.6666666865348816 0.0 1.0 0.0 
0.0 0.0 1.0 0.0 0.0 0.0 0.375 0.8333333134651184 1.0 0.0 1.0 
0.0 0.0 0.0 0.0 1.0 0.0 0.125 0.9583333134651184 1.0 0.0 1.0 
0.0 1.0 0.0 0.0 0.0 0.0 1.0 1.0 1.0 0.0 1.0 
0.0 1.0 0.0 0.0 0.0 0.0 1.0 1.0 0.0 1.0 0.0 
../../../SchenkerDiff/schenkerian_clusters/Chorale_42200/Chorale_42200_segment_08

N=14
X: 
12 12 14 6 2 10 14 7 10 12 14 8 12 10 
E: 
0 5 3 6 0 0 0 0 0 0 0 0 0 0 
5 0 6 1 0 0 0 0 0 0 0 0 0 0 
4 7 0 5 3 6 0 0 0 0 0 0 0 0 
7 2 5 0 6 1 0 0 0 0 0 0 0 0 
0 0 4 7 0 5 8 3 0 0 0 0 0 0 
0 0 7 2 5 0 1 0 0 0 0 0 0 0 
0 0 0 0 0 2 0 8 6 1 0 0 0 0 
0 0 0 0 4 0 0 0 3 6 0 0 0 0 
0 0 0 0 0 0 7 4 0 5 3 6 0 0 
0 0 0 0 0 0 2 7 5 0 6 1 0 0 
0 0 0 0 0 0 0 0 4 7 0 5 3 6 
0 0 0 0 0 0 0 0 7 2 5 0 6 1 
0 0 0 0 0 0 0 0 0 0 4 7 0 5 
0 0 0 0 0 0 0 0 0 0 7 2 5 0 
R: 
1.0 0.0 0.0 0.0 0.0 0.0 0.5 0.0 1.0 0.0 1.0 
1.0 0.0 0.0 0.0 0.0 0.0 0.5 0.0 0.0 1.0 0.0 
0.0 0.0 1.0 0.0 0.0 0.0 0.5 0.1666666716337204 1.0 0.0 1.0 
0.0 0.0 1.0 0.0 0.0 0.0 0.5 0.1666666716337204 0.0 1.0 0.0 
0.0 1.0 0.0 0.0 0.0 0.0 0.75 0.3333333432674408 1.0 0.0 1.0 
0.0 1.0 0.0 0.0 0.0 0.0 0.5 0.3333333432674408 0.0 1.0 0.0 
0.0 0.0 1.0 0.0 0.0 0.0 0.5 0.5 0.0 1.0 0.0 
0.0 0.0 0.0 1.0 0.0 0.0 0.25 0.5833333134651184 1.0 0.0 1.0 
1.0 0.0 0.0 0.0 0.0 0.0 0.5 0.6666666865348816 1.0 0.0 1.0 
1.0 0.0 0.0 0.0 0.0 0.0 0.5 0.6666666865348816 0.0 1.0 0.0 
0.0 0.0 1.0 0.0 0.0 0.0 0.5 0.8333333134651184 1.0 0.0 1.0 
0.0 0.0 1.0 0.0 0.0 0.0 0.5 0.8333333134651184 0.0 1.0 0.0 
0.0 1.0 0.0 0.0 0.0 0.0 0.5 1.0 1.0 0.0 1.0 
0.0 1.0 0.0 0.0 0.0 0.0 0.5 1.0 0.0 1.0 0.0 
../../../SchenkerDiff/schenkerian_clusters/Chorale_31700/Chorale_31700_segment_10

N=16
X: 
2 2 12 12 14 7 11 2 7 9 11 14 2 11 7 12 
E: 
0 5 3 6 0 0 0 0 0 0 0 0 0 0 0 0 
5 0 6 1 0 0 0 0 0 0 0 0 0 0 0 0 
4 7 0 5 3 0 0 0 0 0 0 0 0 0 0 0 
7 2 5 0 8 1 0 0 0 0 0 0 0 0 0 0 
0 0 4 0 0 8 3 6 0 0 0 0 0 0 0 0 
0 0 0 2 0 0 6 1 0 0 0 0 0 0 0 0 
0 0 0 0 4 7 0 5 3 0 0 0 0 0 0 0 
0 0 0 0 7 2 5 0 8 1 0 0 0 0 0 0 
0 0 0 0 0 0 4 0 0 8 3 0 0 0 0 0 
0 0 0 0 0 0 0 2 0 0 8 6 1 0 0 0 
0 0 0 0 0 0 0 0 4 0 0 3 6 0 0 0 
0 0 0 0 0 0 0 0 0 7 4 0 5 3 0 0 
0 0 0 0 0 0 0 0 0 2 7 5 0 8 6 1 
0 0 0 0 0 0 0 0 0 0 0 4 0 0 3 6 
0 0 0 0 0 0 0 0 0 0 0 0 7 4 0 5 
0 0 0 0 0 0 0 0 0 0 0 0 2 7 5 0 
R: 
1.0 0.0 0.0 0.0 0.0 0.0 1.0 0.0 1.0 0.0 1.0 
1.0 0.0 0.0 0.0 0.0 0.0 1.0 0.0 0.0 1.0 0.0 
0.0 0.0 1.0 0.0 0.0 0.0 0.5 0.2222222238779068 1.0 0.0 1.0 
0.0 0.0 1.0 0.0 0.0 0.0 1.0 0.2222222238779068 0.0 1.0 0.0 
1.0 0.0 0.0 0.0 0.0 0.0 1.0 0.3333333432674408 1.0 0.0 1.0 
0.0 1.0 0.0 0.0 0.0 0.0 0.5 0.4444444477558136 0.0 1.0 0.0 
0.0 0.0 1.0 0.0 0.0 0.0 0.5 0.5555555820465088 1.0 0.0 1.0 
0.0 0.0 1.0 0.0 0.0 0.0 1.0 0.5555555820465088 0.0 1.0 0.0 
1.0 0.0 0.0 0.0 0.0 0.0 0.75 0.6666666865348816 1.0 0.0 1.0 
0.0 1.0 0.0 0.0 0.0 0.0 0.5 0.7777777910232544 0.0 1.0 0.0 
0.0 0.0 0.0 1.0 0.0 0.0 0.25 0.8333333134651184 1.0 0.0 1.0 
0.0 0.0 1.0 0.0 0.0 0.0 0.25 0.8888888955116272 1.0 0.0 1.0 
0.0 0.0 1.0 0.0 0.0 0.0 0.5 0.8888888955116272 0.0 1.0 0.0 
0.0 0.0 0.0 1.0 0.0 0.0 0.25 0.9444444179534912 1.0 0.0 1.0 
1.0 0.0 0.0 0.0 0.0 0.0 1.0 1.0 1.0 0.0 1.0 
1.0 0.0 0.0 0.0 0.0 0.0 1.0 1.0 0.0 1.0 0.0 
../../../SchenkerDiff/schenkerian_clusters/Chorale_36800/Chorale_36800_segment_03

N=15
X: 
14 7 10 2 14 6 12 10 14 7 2 14 7 12 10 
E: 
0 5 3 6 0 0 0 0 0 0 0 0 0 0 0 
5 0 6 1 0 0 0 0 0 0 0 0 0 0 0 
4 7 0 5 3 6 0 0 0 0 0 0 0 0 0 
7 2 5 0 6 1 0 0 0 0 0 0 0 0 0 
0 0 4 7 0 5 3 6 0 0 0 0 0 0 0 
0 0 7 2 5 0 6 1 0 0 0 0 0 0 0 
0 0 0 0 4 7 0 5 3 6 0 0 0 0 0 
0 0 0 0 7 2 5 0 6 1 0 0 0 0 0 
0 0 0 0 0 0 4 7 0 5 8 3 6 0 0 
0 0 0 0 0 0 7 2 5 0 1 0 0 0 0 
0 0 0 0 0 0 0 0 0 2 0 6 1 0 0 
0 0 0 0 0 0 0 0 4 0 7 0 5 3 6 
0 0 0 0 0 0 0 0 7 0 2 5 0 6 1 
0 0 0 0 0 0 0 0 0 0 0 4 7 0 5 
0 0 0 0 0 0 0 0 0 0 0 7 2 5 0 
R: 
1.0 0.0 0.0 0.0 0.0 0.0 0.5 0.0 1.0 0.0 1.0 
1.0 0.0 0.0 0.0 0.0 0.0 0.5 0.0 0.0 1.0 0.0 
0.0 0.0 1.0 0.0 0.0 0.0 0.5 0.1666666716337204 1.0 0.0 1.0 
0.0 0.0 1.0 0.0 0.0 0.0 0.5 0.1666666716337204 0.0 1.0 0.0 
0.0 1.0 0.0 0.0 0.0 0.0 0.5 0.3333333432674408 1.0 0.0 1.0 
0.0 1.0 0.0 0.0 0.0 0.0 0.5 0.3333333432674408 0.0 1.0 0.0 
0.0 0.0 1.0 0.0 0.0 0.0 0.5 0.5 1.0 0.0 1.0 
0.0 0.0 1.0 0.0 0.0 0.0 0.5 0.5 0.0 1.0 0.0 
1.0 0.0 0.0 0.0 0.0 0.0 0.5 0.6666666865348816 1.0 0.0 1.0 
1.0 0.0 0.0 0.0 0.0 0.0 0.25 0.6666666865348816 0.0 1.0 0.0 
0.0 0.0 0.0 1.0 0.0 0.0 0.25 0.75 0.0 1.0 0.0 
0.0 0.0 1.0 0.0 0.0 0.0 0.5 0.8333333134651184 1.0 0.0 1.0 
0.0 0.0 1.0 0.0 0.0 0.0 0.5 0.8333333134651184 0.0 1.0 0.0 
0.0 1.0 0.0 0.0 0.0 0.0 0.5 1.0 1.0 0.0 1.0 
0.0 1.0 0.0 0.0 0.0 0.0 0.5 1.0 0.0 1.0 0.0 
../../../SchenkerDiff/schenkerian_clusters/Chorale_16806/Chorale_16806_segment_01

N=7
X: 
2 14 9 12 2 11 12 
E: 
0 5 3 6 0 0 0 
5 0 6 1 0 0 0 
4 7 0 5 3 0 0 
7 2 5 0 8 6 1 
0 0 4 0 0 3 6 
0 0 0 7 4 0 5 
0 0 0 2 7 5 0 
R: 
0.0 0.0 1.0 0.0 0.0 0.0 0.5 0.25 1.0 0.0 1.0 
0.0 0.0 1.0 0.0 0.0 0.0 0.5 0.25 0.0 1.0 0.0 
0.0 1.0 0.0 0.0 0.0 0.0 0.75 0.5 1.0 0.0 1.0 
0.0 1.0 0.0 0.0 0.0 0.0 1.0 0.5 0.0 1.0 0.0 
0.0 0.0 0.0 1.0 0.0 0.0 0.25 0.875 1.0 0.0 1.0 
1.0 0.0 0.0 0.0 0.0 0.0 1.0 1.0 1.0 0.0 1.0 
1.0 0.0 0.0 0.0 0.0 0.0 1.0 1.0 0.0 1.0 0.0 
../../../SchenkerDiff/schenkerian_clusters/Chorale_42400/Chorale_42400_segment_05

N=14
X: 
10 2 7 6 2 8 6 12 10 12 10 2 7 12 
E: 
0 5 3 6 0 0 0 0 0 0 0 0 0 0 
5 0 6 1 0 0 0 0 0 0 0 0 0 0 
4 7 0 5 3 6 0 0 0 0 0 0 0 0 
7 2 5 0 6 1 0 0 0 0 0 0 0 0 
0 0 4 7 0 5 3 6 0 0 0 0 0 0 
0 0 7 2 5 0 6 1 0 0 0 0 0 0 
0 0 0 0 4 7 0 5 3 6 0 0 0 0 
0 0 0 0 7 2 5 0 6 1 0 0 0 0 
0 0 0 0 0 0 4 7 0 5 8 8 3 6 
0 0 0 0 0 0 7 2 5 0 1 0 0 0 
0 0 0 0 0 0 0 0 0 2 0 1 0 0 
0 0 0 0 0 0 0 0 0 0 2 0 6 1 
0 0 0 0 0 0 0 0 4 0 0 7 0 5 
0 0 0 0 0 0 0 0 7 0 0 2 5 0 
R: 
1.0 0.0 0.0 0.0 0.0 0.0 1.0 0.0 1.0 0.0 1.0 
1.0 0.0 0.0 0.0 0.0 0.0 1.0 0.0 0.0 1.0 0.0 
0.0 0.0 1.0 0.0 0.0 0.0 0.5 0.2222222238779068 1.0 0.0 1.0 
0.0 0.0 1.0 0.0 0.0 0.0 0.5 0.2222222238779068 0.0 1.0 0.0 
1.0 0.0 0.0 0.0 0.0 0.0 1.0 0.3333333432674408 1.0 0.0 1.0 
1.0 0.0 0.0 0.0 0.0 0.0 1.0 0.3333333432674408 0.0 1.0 0.0 
0.0 0.0 1.0 0.0 0.0 0.0 0.5 0.5555555820465088 1.0 0.0 1.0 
0.0 0.0 1.0 0.0 0.0 0.0 0.5 0.5555555820465088 0.0 1.0 0.0 
1.0 0.0 0.0 0.0 0.0 0.0 1.5 0.6666666865348816 1.0 0.0 1.0 
1.0 0.0 0.0 0.0 0.0 0.0 0.5 0.6666666865348816 0.0 1.0 0.0 
0.0 1.0 0.0 0.0 0.0 0.0 0.5 0.7777777910232544 0.0 1.0 0.0 
0.0 0.0 1.0 0.0 0.0 0.0 0.5 0.8888888955116272 0.0 1.0 0.0 
1.0 0.0 0.0 0.0 0.0 0.0 1.0 1.0 1.0 0.0 1.0 
1.0 0.0 0.0 0.0 0.0 0.0 1.0 1.0 0.0 1.0 0.0 
../../../SchenkerDiff/schenkerian_clusters/Chorale_34300/Chorale_34300_segment_04

N=20
X: 
7 6 10 2 7 7 2 10 7 2 10 7 10 2 7 10 10 14 7 12 
E: 
0 5 3 6 0 0 0 0 0 0 0 0 0 0 0 0 0 0 0 0 
5 0 6 1 0 0 0 0 0 0 0 0 0 0 0 0 0 0 0 0 
4 7 0 5 3 6 0 0 0 0 0 0 0 0 0 0 0 0 0 0 
7 2 5 0 6 1 0 0 0 0 0 0 0 0 0 0 0 0 0 0 
0 0 4 7 0 5 3 6 0 0 0 0 0 0 0 0 0 0 0 0 
0 0 7 2 5 0 6 1 0 0 0 0 0 0 0 0 0 0 0 0 
0 0 0 0 4 7 0 5 8 3 6 0 0 0 0 0 0 0 0 0 
0 0 0 0 7 2 5 0 1 0 0 0 0 0 0 0 0 0 0 0 
0 0 0 0 0 0 0 2 0 6 1 0 0 0 0 0 0 0 0 0 
0 0 0 0 0 0 4 0 7 0 5 8 3 6 0 0 0 0 0 0 
0 0 0 0 0 0 7 0 2 5 0 1 0 0 0 0 0 0 0 0 
0 0 0 0 0 0 0 0 0 0 2 0 6 1 0 0 0 0 0 0 
0 0 0 0 0 0 0 0 0 4 0 7 0 5 8 3 6 0 0 0 
0 0 0 0 0 0 0 0 0 7 0 2 5 0 1 0 0 0 0 0 
0 0 0 0 0 0 0 0 0 0 0 0 0 2 0 6 1 0 0 0 
0 0 0 0 0 0 0 0 0 0 0 0 4 0 7 0 5 8 3 6 
0 0 0 0 0 0 0 0 0 0 0 0 7 0 2 5 0 1 0 0 
0 0 0 0 0 0 0 0 0 0 0 0 0 0 0 0 2 0 6 1 
0 0 0 0 0 0 0 0 0 0 0 0 0 0 0 4 0 7 0 5 
0 0 0 0 0 0 0 0 0 0 0 0 0 0 0 7 0 2 5 0 
R: 
1.0 0.0 0.0 0.0 0.0 0.0 0.5 0.0 1.0 0.0 1.0 
1.0 0.0 0.0 0.0 0.0 0.0 0.5 0.0 0.0 1.0 0.0 
0.0 0.0 1.0 0.0 0.0 0.0 0.25 0.1666666716337204 1.0 0.0 1.0 
0.0 0.0 1.0 0.0 0.0 0.0 0.25 0.1666666716337204 0.0 1.0 0.0 
0.0 0.0 0.0 1.0 0.0 0.0 0.25 0.25 1.0 0.0 1.0 
0.0 0.0 0.0 1.0 0.0 0.0 0.25 0.25 0.0 1.0 0.0 
0.0 1.0 0.0 0.0 0.0 0.0 0.5 0.3333333432674408 1.0 0.0 1.0 
0.0 1.0 0.0 0.0 0.0 0.0 0.25 0.3333333432674408 0.0 1.0 0.0 
0.0 0.0 0.0 1.0 0.0 0.0 0.25 0.4166666567325592 0.0 1.0 0.0 
0.0 0.0 1.0 0.0 0.0 0.0 0.5 0.5 1.0 0.0 1.0 
0.0 0.0 1.0 0.0 0.0 0.0 0.25 0.5 0.0 1.0 0.0 
0.0 0.0 0.0 1.0 0.0 0.0 0.25 0.5833333134651184 0.0 1.0 0.0 
1.0 0.0 0.0 0.0 0.0 0.0 0.5 0.6666666865348816 1.0 0.0 1.0 
1.0 0.0 0.0 0.0 0.0 0.0 0.25 0.6666666865348816 0.0 1.0 0.0 
0.0 0.0 0.0 1.0 0.0 0.0 0.25 0.75 0.0 1.0 0.0 
0.0 0.0 1.0 0.0 0.0 0.0 0.5 0.8333333134651184 1.0 0.0 1.0 
0.0 0.0 1.0 0.0 0.0 0.0 0.25 0.8333333134651184 0.0 1.0 0.0 
0.0 0.0 0.0 1.0 0.0 0.0 0.25 0.9166666865348816 0.0 1.0 0.0 
0.0 1.0 0.0 0.0 0.0 0.0 1.0 1.0 1.0 0.0 1.0 
0.0 1.0 0.0 0.0 0.0 0.0 1.0 1.0 0.0 1.0 0.0 
../../../SchenkerDiff/schenkerian_clusters/Chorale_27700/Chorale_27700_segment_07

N=14
X: 
10 2 7 14 7 12 2 8 7 10 12 14 7 12 
E: 
0 5 3 6 0 0 0 0 0 0 0 0 0 0 
5 0 6 1 0 0 0 0 0 0 0 0 0 0 
4 7 0 5 3 6 0 0 0 0 0 0 0 0 
7 2 5 0 6 1 0 0 0 0 0 0 0 0 
0 0 4 7 0 5 3 6 0 0 0 0 0 0 
0 0 7 2 5 0 6 1 0 0 0 0 0 0 
0 0 0 0 4 7 0 5 3 0 0 0 0 0 
0 0 0 0 7 2 5 0 8 6 1 0 0 0 
0 0 0 0 0 0 4 0 0 3 6 0 0 0 
0 0 0 0 0 0 0 7 4 0 5 8 3 6 
0 0 0 0 0 0 0 2 7 5 0 1 0 0 
0 0 0 0 0 0 0 0 0 0 2 0 6 1 
0 0 0 0 0 0 0 0 0 4 0 7 0 5 
0 0 0 0 0 0 0 0 0 7 0 2 5 0 
R: 
1.0 0.0 0.0 0.0 0.0 0.0 0.5 0.0 1.0 0.0 1.0 
1.0 0.0 0.0 0.0 0.0 0.0 0.5 0.0 0.0 1.0 0.0 
0.0 0.0 1.0 0.0 0.0 0.0 0.5 0.1666666716337204 1.0 0.0 1.0 
0.0 0.0 1.0 0.0 0.0 0.0 0.5 0.1666666716337204 0.0 1.0 0.0 
0.0 1.0 0.0 0.0 0.0 0.0 0.5 0.3333333432674408 1.0 0.0 1.0 
0.0 1.0 0.0 0.0 0.0 0.0 0.5 0.3333333432674408 0.0 1.0 0.0 
0.0 0.0 1.0 0.0 0.0 0.0 0.25 0.5 1.0 0.0 1.0 
0.0 0.0 1.0 0.0 0.0 0.0 0.5 0.5 0.0 1.0 0.0 
0.0 0.0 0.0 1.0 0.0 0.0 0.25 0.5833333134651184 1.0 0.0 1.0 
1.0 0.0 0.0 0.0 0.0 0.0 1.0 0.6666666865348816 1.0 0.0 1.0 
1.0 0.0 0.0 0.0 0.0 0.0 0.5 0.6666666865348816 0.0 1.0 0.0 
0.0 0.0 1.0 0.0 0.0 0.0 0.5 0.8333333134651184 0.0 1.0 0.0 
0.0 1.0 0.0 0.0 0.0 0.0 0.5 1.0 1.0 0.0 1.0 
0.0 1.0 0.0 0.0 0.0 0.0 0.5 1.0 0.0 1.0 0.0 
../../../SchenkerDiff/schenkerian_clusters/Chorale_15804/Chorale_15804_segment_04

N=20
X: 
10 2 6 7 15 6 2 10 6 2 10 14 7 12 14 10 12 8 7 14 
E: 
0 5 8 3 6 0 0 0 0 0 0 0 0 0 0 0 0 0 0 0 
5 0 1 0 0 0 0 0 0 0 0 0 0 0 0 0 0 0 0 0 
0 2 0 6 1 0 0 0 0 0 0 0 0 0 0 0 0 0 0 0 
4 0 7 0 5 8 3 6 0 0 0 0 0 0 0 0 0 0 0 0 
7 0 2 5 0 1 0 0 0 0 0 0 0 0 0 0 0 0 0 0 
0 0 0 0 2 0 6 1 0 0 0 0 0 0 0 0 0 0 0 0 
0 0 0 4 0 7 0 5 8 3 6 0 0 0 0 0 0 0 0 0 
0 0 0 7 0 2 5 0 1 0 0 0 0 0 0 0 0 0 0 0 
0 0 0 0 0 0 0 2 0 6 1 0 0 0 0 0 0 0 0 0 
0 0 0 0 0 0 4 0 7 0 5 8 3 6 0 0 0 0 0 0 
0 0 0 0 0 0 7 0 2 5 0 1 0 0 0 0 0 0 0 0 
0 0 0 0 0 0 0 0 0 0 2 0 6 1 0 0 0 0 0 0 
0 0 0 0 0 0 0 0 0 4 0 7 0 5 8 3 6 0 0 0 
0 0 0 0 0 0 0 0 0 7 0 2 5 0 1 0 0 0 0 0 
0 0 0 0 0 0 0 0 0 0 0 0 0 2 0 6 1 0 0 0 
0 0 0 0 0 0 0 0 0 0 0 0 4 0 7 0 5 8 3 6 
0 0 0 0 0 0 0 0 0 0 0 0 7 0 2 5 0 1 0 0 
0 0 0 0 0 0 0 0 0 0 0 0 0 0 0 0 2 0 6 1 
0 0 0 0 0 0 0 0 0 0 0 0 0 0 0 4 0 7 0 5 
0 0 0 0 0 0 0 0 0 0 0 0 0 0 0 7 0 2 5 0 
R: 
1.0 0.0 0.0 0.0 0.0 0.0 0.5 0.0 1.0 0.0 1.0 
1.0 0.0 0.0 0.0 0.0 0.0 0.25 0.0 0.0 1.0 0.0 
0.0 0.0 0.0 1.0 0.0 0.0 0.25 0.0833333358168602 0.0 1.0 0.0 
0.0 0.0 1.0 0.0 0.0 0.0 0.5 0.1666666716337204 1.0 0.0 1.0 
0.0 0.0 1.0 0.0 0.0 0.0 0.25 0.1666666716337204 0.0 1.0 0.0 
0.0 0.0 0.0 1.0 0.0 0.0 0.25 0.25 0.0 1.0 0.0 
0.0 1.0 0.0 0.0 0.0 0.0 0.5 0.3333333432674408 1.0 0.0 1.0 
0.0 1.0 0.0 0.0 0.0 0.0 0.25 0.3333333432674408 0.0 1.0 0.0 
0.0 0.0 0.0 1.0 0.0 0.0 0.25 0.4166666567325592 0.0 1.0 0.0 
0.0 0.0 1.0 0.0 0.0 0.0 0.5 0.5 1.0 0.0 1.0 
0.0 0.0 1.0 0.0 0.0 0.0 0.25 0.5 0.0 1.0 0.0 
0.0 0.0 0.0 1.0 0.0 0.0 0.25 0.5833333134651184 0.0 1.0 0.0 
1.0 0.0 0.0 0.0 0.0 0.0 0.5 0.6666666865348816 1.0 0.0 1.0 
1.0 0.0 0.0 0.0 0.0 0.0 0.25 0.6666666865348816 0.0 1.0 0.0 
0.0 0.0 0.0 1.0 0.0 0.0 0.25 0.75 0.0 1.0 0.0 
0.0 0.0 1.0 0.0 0.0 0.0 0.5 0.8333333134651184 1.0 0.0 1.0 
0.0 0.0 1.0 0.0 0.0 0.0 0.25 0.8333333134651184 0.0 1.0 0.0 
0.0 0.0 0.0 1.0 0.0 0.0 0.25 0.9166666865348816 0.0 1.0 0.0 
0.0 1.0 0.0 0.0 0.0 0.0 0.5 1.0 1.0 0.0 1.0 
0.0 1.0 0.0 0.0 0.0 0.0 0.5 1.0 0.0 1.0 0.0 
../../../SchenkerDiff/schenkerian_clusters/Chorale_9005/Chorale_9005_segment_04

N=9
X: 
2 8 7 6 12 10 6 10 2 
E: 
0 5 3 6 0 0 0 0 0 
5 0 6 1 0 0 0 0 0 
4 7 0 5 3 6 0 0 0 
7 2 5 0 6 1 0 0 0 
0 0 4 7 0 5 8 3 6 
0 0 7 2 5 0 1 0 0 
0 0 0 0 0 2 0 6 1 
0 0 0 0 4 0 7 0 5 
0 0 0 0 7 0 2 5 0 
R: 
1.0 0.0 0.0 0.0 0.0 0.0 0.5 0.0 1.0 0.0 1.0 
1.0 0.0 0.0 0.0 0.0 0.0 0.5 0.0 0.0 1.0 0.0 
0.0 0.0 1.0 0.0 0.0 0.0 0.5 0.25 1.0 0.0 1.0 
0.0 0.0 1.0 0.0 0.0 0.0 0.5 0.25 0.0 1.0 0.0 
0.0 1.0 0.0 0.0 0.0 0.0 1.0 0.5 1.0 0.0 1.0 
0.0 1.0 0.0 0.0 0.0 0.0 0.5 0.5 0.0 1.0 0.0 
0.0 0.0 1.0 0.0 0.0 0.0 0.5 0.75 0.0 1.0 0.0 
1.0 0.0 0.0 0.0 0.0 0.0 1.0 1.0 1.0 0.0 1.0 
1.0 0.0 0.0 0.0 0.0 0.0 1.0 1.0 0.0 1.0 0.0 
../../../SchenkerDiff/schenkerian_clusters/Chorale_32200/Chorale_32200_segment_05

N=10
X: 
14 7 12 11 7 14 12 7 11 2 
E: 
0 5 3 6 0 0 0 0 0 0 
5 0 6 1 0 0 0 0 0 0 
4 7 0 5 3 6 0 0 0 0 
7 2 5 0 6 1 0 0 0 0 
0 0 4 7 0 5 8 3 0 0 
0 0 7 2 5 0 1 0 0 0 
0 0 0 0 0 2 0 8 6 1 
0 0 0 0 4 0 0 0 3 6 
0 0 0 0 0 0 7 4 0 5 
0 0 0 0 0 0 2 7 5 0 
R: 
1.0 0.0 0.0 0.0 0.0 0.0 0.5 0.0 1.0 0.0 1.0 
1.0 0.0 0.0 0.0 0.0 0.0 0.5 0.0 0.0 1.0 0.0 
0.0 0.0 1.0 0.0 0.0 0.0 0.5 0.25 1.0 0.0 1.0 
0.0 0.0 1.0 0.0 0.0 0.0 0.5 0.25 0.0 1.0 0.0 
0.0 1.0 0.0 0.0 0.0 0.0 0.75 0.5 1.0 0.0 1.0 
0.0 1.0 0.0 0.0 0.0 0.0 0.5 0.5 0.0 1.0 0.0 
0.0 0.0 1.0 0.0 0.0 0.0 0.5 0.75 0.0 1.0 0.0 
0.0 0.0 0.0 1.0 0.0 0.0 0.25 0.875 1.0 0.0 1.0 
1.0 0.0 0.0 0.0 0.0 0.0 1.5 1.0 1.0 0.0 1.0 
1.0 0.0 0.0 0.0 0.0 0.0 1.5 1.0 0.0 1.0 0.0 
../../../SchenkerDiff/schenkerian_clusters/Chorale_39600/Chorale_39600_segment_04

N=11
X: 
14 7 12 2 2 15 14 12 6 12 2 
E: 
0 5 3 6 0 0 0 0 0 0 0 
5 0 6 1 0 0 0 0 0 0 0 
4 7 0 5 8 3 6 0 0 0 0 
7 2 5 0 1 0 0 0 0 0 0 
0 0 0 2 0 6 1 0 0 0 0 
0 0 4 0 7 0 5 3 6 0 0 
0 0 7 0 2 5 0 6 1 0 0 
0 0 0 0 0 4 7 0 5 3 6 
0 0 0 0 0 7 2 5 0 6 1 
0 0 0 0 0 0 0 4 7 0 5 
0 0 0 0 0 0 0 7 2 5 0 
R: 
1.0 0.0 0.0 0.0 0.0 0.0 0.5 0.0 1.0 0.0 1.0 
1.0 0.0 0.0 0.0 0.0 0.0 0.5 0.0 0.0 1.0 0.0 
0.0 0.0 1.0 0.0 0.0 0.0 0.5 0.25 1.0 0.0 1.0 
0.0 0.0 1.0 0.0 0.0 0.0 0.25 0.25 0.0 1.0 0.0 
0.0 0.0 0.0 1.0 0.0 0.0 0.25 0.375 0.0 1.0 0.0 
0.0 1.0 0.0 0.0 0.0 0.0 0.5 0.5 1.0 0.0 1.0 
0.0 1.0 0.0 0.0 0.0 0.0 0.5 0.5 0.0 1.0 0.0 
0.0 0.0 1.0 0.0 0.0 0.0 0.5 0.75 1.0 0.0 1.0 
0.0 0.0 1.0 0.0 0.0 0.0 0.5 0.75 0.0 1.0 0.0 
1.0 0.0 0.0 0.0 0.0 0.0 1.0 1.0 1.0 0.0 1.0 
1.0 0.0 0.0 0.0 0.0 0.0 1.0 1.0 0.0 1.0 0.0 
../../../SchenkerDiff/schenkerian_clusters/Chorale_38400/Chorale_38400_segment_04

N=19
X: 
10 10 10 12 2 7 14 2 10 2 9 12 14 8 14 10 12 10 2 
E: 
0 5 3 6 0 0 0 0 0 0 0 0 0 0 0 0 0 0 0 
5 0 6 1 0 0 0 0 0 0 0 0 0 0 0 0 0 0 0 
4 7 0 5 8 3 6 0 0 0 0 0 0 0 0 0 0 0 0 
7 2 5 0 1 0 0 0 0 0 0 0 0 0 0 0 0 0 0 
0 0 0 2 0 6 1 0 0 0 0 0 0 0 0 0 0 0 0 
0 0 4 0 7 0 5 3 6 0 0 0 0 0 0 0 0 0 0 
0 0 7 0 2 5 0 6 1 0 0 0 0 0 0 0 0 0 0 
0 0 0 0 0 4 7 0 5 8 3 6 0 0 0 0 0 0 0 
0 0 0 0 0 7 2 5 0 1 0 0 0 0 0 0 0 0 0 
0 0 0 0 0 0 0 0 2 0 6 1 0 0 0 0 0 0 0 
0 0 0 0 0 0 0 4 0 7 0 5 3 6 0 0 0 0 0 
0 0 0 0 0 0 0 7 0 2 5 0 6 1 0 0 0 0 0 
0 0 0 0 0 0 0 0 0 0 4 7 0 5 8 3 6 0 0 
0 0 0 0 0 0 0 0 0 0 7 2 5 0 1 0 0 0 0 
0 0 0 0 0 0 0 0 0 0 0 0 0 2 0 6 1 0 0 
0 0 0 0 0 0 0 0 0 0 0 0 4 0 7 0 5 3 6 
0 0 0 0 0 0 0 0 0 0 0 0 7 0 2 5 0 6 1 
0 0 0 0 0 0 0 0 0 0 0 0 0 0 0 4 7 0 5 
0 0 0 0 0 0 0 0 0 0 0 0 0 0 0 7 2 5 0 
R: 
1.0 0.0 0.0 0.0 0.0 0.0 0.5 0.0 1.0 0.0 1.0 
1.0 0.0 0.0 0.0 0.0 0.0 0.5 0.0 0.0 1.0 0.0 
0.0 0.0 1.0 0.0 0.0 0.0 0.5 0.125 1.0 0.0 1.0 
0.0 0.0 1.0 0.0 0.0 0.0 0.25 0.125 0.0 1.0 0.0 
0.0 0.0 0.0 1.0 0.0 0.0 0.25 0.1875 0.0 1.0 0.0 
0.0 1.0 0.0 0.0 0.0 0.0 0.5 0.25 1.0 0.0 1.0 
0.0 1.0 0.0 0.0 0.0 0.0 0.5 0.25 0.0 1.0 0.0 
0.0 0.0 1.0 0.0 0.0 0.0 0.5 0.375 1.0 0.0 1.0 
0.0 0.0 1.0 0.0 0.0 0.0 0.25 0.375 0.0 1.0 0.0 
0.0 0.0 0.0 1.0 0.0 0.0 0.25 0.4375 0.0 1.0 0.0 
1.0 0.0 0.0 0.0 0.0 0.0 0.5 0.5 1.0 0.0 1.0 
1.0 0.0 0.0 0.0 0.0 0.0 0.5 0.5 0.0 1.0 0.0 
0.0 0.0 1.0 0.0 0.0 0.0 0.5 0.625 1.0 0.0 1.0 
0.0 0.0 1.0 0.0 0.0 0.0 0.25 0.625 0.0 1.0 0.0 
0.0 0.0 0.0 1.0 0.0 0.0 0.25 0.6875 0.0 1.0 0.0 
0.0 1.0 0.0 0.0 0.0 0.0 1.0 0.75 1.0 0.0 1.0 
0.0 1.0 0.0 0.0 0.0 0.0 1.0 0.75 0.0 1.0 0.0 
1.0 0.0 0.0 0.0 0.0 0.0 1.0 1.0 1.0 0.0 1.0 
1.0 0.0 0.0 0.0 0.0 0.0 1.0 1.0 0.0 1.0 0.0 
../../../SchenkerDiff/schenkerian_clusters/Chorale_33100/Chorale_33100_segment_05

N=13
X: 
10 12 7 9 10 2 14 7 10 10 14 7 12 
E: 
0 5 3 6 0 0 0 0 0 0 0 0 0 
5 0 6 1 0 0 0 0 0 0 0 0 0 
4 7 0 5 3 6 0 0 0 0 0 0 0 
7 2 5 0 6 1 0 0 0 0 0 0 0 
0 0 4 7 0 5 3 6 0 0 0 0 0 
0 0 7 2 5 0 6 1 0 0 0 0 0 
0 0 0 0 4 7 0 5 3 6 0 0 0 
0 0 0 0 7 2 5 0 6 1 0 0 0 
0 0 0 0 0 0 4 7 0 5 8 3 6 
0 0 0 0 0 0 7 2 5 0 1 0 0 
0 0 0 0 0 0 0 0 0 2 0 6 1 
0 0 0 0 0 0 0 0 4 0 7 0 5 
0 0 0 0 0 0 0 0 7 0 2 5 0 
R: 
1.0 0.0 0.0 0.0 0.0 0.0 0.5 0.0 1.0 0.0 1.0 
1.0 0.0 0.0 0.0 0.0 0.0 0.5 0.0 0.0 1.0 0.0 
0.0 0.0 1.0 0.0 0.0 0.0 0.5 0.25 1.0 0.0 1.0 
0.0 0.0 1.0 0.0 0.0 0.0 0.5 0.25 0.0 1.0 0.0 
0.0 1.0 0.0 0.0 0.0 0.0 0.25 0.5 1.0 0.0 1.0 
0.0 1.0 0.0 0.0 0.0 0.0 0.25 0.5 0.0 1.0 0.0 
0.0 0.0 0.0 1.0 0.0 0.0 0.25 0.625 1.0 0.0 1.0 
0.0 0.0 0.0 1.0 0.0 0.0 0.25 0.625 0.0 1.0 0.0 
0.0 0.0 1.0 0.0 0.0 0.0 0.5 0.75 1.0 0.0 1.0 
0.0 0.0 1.0 0.0 0.0 0.0 0.25 0.75 0.0 1.0 0.0 
0.0 0.0 0.0 1.0 0.0 0.0 0.25 0.875 0.0 1.0 0.0 
1.0 0.0 0.0 0.0 0.0 0.0 1.5 1.0 1.0 0.0 1.0 
1.0 0.0 0.0 0.0 0.0 0.0 1.5 1.0 0.0 1.0 0.0 
../../../SchenkerDiff/schenkerian_clusters/Chorale_27000/Chorale_27000_segment_06

N=25
X: 
2 15 6 11 7 7 11 7 11 2 7 11 14 7 11 7 11 12 11 2 7 14 12 2 2 
E: 
0 5 8 8 8 3 6 0 0 0 0 0 0 0 0 0 0 0 0 0 0 0 0 0 0 
5 0 1 0 0 0 0 0 0 0 0 0 0 0 0 0 0 0 0 0 0 0 0 0 0 
0 2 0 1 0 0 0 0 0 0 0 0 0 0 0 0 0 0 0 0 0 0 0 0 0 
0 0 2 0 1 0 0 0 0 0 0 0 0 0 0 0 0 0 0 0 0 0 0 0 0 
0 0 0 2 0 6 1 0 0 0 0 0 0 0 0 0 0 0 0 0 0 0 0 0 0 
4 0 0 0 7 0 5 8 3 6 0 0 0 0 0 0 0 0 0 0 0 0 0 0 0 
7 0 0 0 2 5 0 1 0 0 0 0 0 0 0 0 0 0 0 0 0 0 0 0 0 
0 0 0 0 0 0 2 0 6 1 0 0 0 0 0 0 0 0 0 0 0 0 0 0 0 
0 0 0 0 0 4 0 7 0 5 8 8 8 3 6 0 0 0 0 0 0 0 0 0 0 
0 0 0 0 0 7 0 2 5 0 1 0 0 0 0 0 0 0 0 0 0 0 0 0 0 
0 0 0 0 0 0 0 0 0 2 0 1 0 0 0 0 0 0 0 0 0 0 0 0 0 
0 0 0 0 0 0 0 0 0 0 2 0 1 0 0 0 0 0 0 0 0 0 0 0 0 
0 0 0 0 0 0 0 0 0 0 0 2 0 6 1 0 0 0 0 0 0 0 0 0 0 
0 0 0 0 0 0 0 0 4 0 0 0 7 0 5 8 3 6 0 0 0 0 0 0 0 
0 0 0 0 0 0 0 0 7 0 0 0 2 5 0 1 0 0 0 0 0 0 0 0 0 
0 0 0 0 0 0 0 0 0 0 0 0 0 0 2 0 6 1 0 0 0 0 0 0 0 
0 0 0 0 0 0 0 0 0 0 0 0 0 4 0 7 0 5 3 6 0 0 0 0 0 
0 0 0 0 0 0 0 0 0 0 0 0 0 7 0 2 5 0 6 1 0 0 0 0 0 
0 0 0 0 0 0 0 0 0 0 0 0 0 0 0 0 4 7 0 5 3 6 0 0 0 
0 0 0 0 0 0 0 0 0 0 0 0 0 0 0 0 7 2 5 0 6 1 0 0 0 
0 0 0 0 0 0 0 0 0 0 0 0 0 0 0 0 0 0 4 7 0 5 8 3 6 
0 0 0 0 0 0 0 0 0 0 0 0 0 0 0 0 0 0 7 2 5 0 1 0 0 
0 0 0 0 0 0 0 0 0 0 0 0 0 0 0 0 0 0 0 0 0 2 0 6 1 
0 0 0 0 0 0 0 0 0 0 0 0 0 0 0 0 0 0 0 0 4 0 7 0 5 
0 0 0 0 0 0 0 0 0 0 0 0 0 0 0 0 0 0 0 0 7 0 2 5 0 
R: 
1.0 0.0 0.0 0.0 0.0 0.0 1.0 0.0 1.0 0.0 1.0 
1.0 0.0 0.0 0.0 0.0 0.0 0.25 0.0 0.0 1.0 0.0 
0.0 0.0 0.0 1.0 0.0 0.0 0.25 0.0555555559694767 0.0 1.0 0.0 
0.0 1.0 0.0 0.0 0.0 0.0 0.25 0.1111111119389534 0.0 1.0 0.0 
0.0 0.0 0.0 1.0 0.0 0.0 0.25 0.1666666716337204 0.0 1.0 0.0 
0.0 0.0 1.0 0.0 0.0 0.0 0.5 0.2222222238779068 1.0 0.0 1.0 
0.0 0.0 1.0 0.0 0.0 0.0 0.25 0.2222222238779068 0.0 1.0 0.0 
0.0 0.0 0.0 1.0 0.0 0.0 0.25 0.2777777910232544 0.0 1.0 0.0 
1.0 0.0 0.0 0.0 0.0 0.0 1.0 0.3333333432674408 1.0 0.0 1.0 
1.0 0.0 0.0 0.0 0.0 0.0 0.25 0.3333333432674408 0.0 1.0 0.0 
0.0 0.0 0.0 1.0 0.0 0.0 0.25 0.3888888955116272 0.0 1.0 0.0 
0.0 1.0 0.0 0.0 0.0 0.0 0.25 0.4444444477558136 0.0 1.0 0.0 
0.0 0.0 0.0 1.0 0.0 0.0 0.25 0.5 0.0 1.0 0.0 
0.0 0.0 1.0 0.0 0.0 0.0 0.5 0.5555555820465088 1.0 0.0 1.0 
0.0 0.0 1.0 0.0 0.0 0.0 0.25 0.5555555820465088 0.0 1.0 0.0 
0.0 0.0 0.0 1.0 0.0 0.0 0.25 0.6111111044883728 0.0 1.0 0.0 
1.0 0.0 0.0 0.0 0.0 0.0 0.25 0.6666666865348816 1.0 0.0 1.0 
1.0 0.0 0.0 0.0 0.0 0.0 0.25 0.6666666865348816 0.0 1.0 0.0 
0.0 0.0 0.0 1.0 0.0 0.0 0.25 0.7222222089767456 1.0 0.0 1.0 
0.0 0.0 0.0 1.0 0.0 0.0 0.25 0.7222222089767456 0.0 1.0 0.0 
0.0 1.0 0.0 0.0 0.0 0.0 1.0 0.7777777910232544 1.0 0.0 1.0 
0.0 1.0 0.0 0.0 0.0 0.0 0.5 0.7777777910232544 0.0 1.0 0.0 
0.0 0.0 1.0 0.0 0.0 0.0 0.5 0.8888888955116272 0.0 1.0 0.0 
1.0 0.0 0.0 0.0 0.0 0.0 1.5 1.0 1.0 0.0 1.0 
1.0 0.0 0.0 0.0 0.0 0.0 1.5 1.0 0.0 1.0 0.0 
../../../SchenkerDiff/schenkerian_clusters/Chorale_41300/Chorale_41300_segment_04

N=25
X: 
7 6 15 12 14 7 15 6 11 2 7 2 6 14 15 6 12 2 14 7 14 7 7 12 12 
E: 
0 5 8 8 8 3 6 0 0 0 0 0 0 0 0 0 0 0 0 0 0 0 0 0 0 
5 0 1 0 0 0 0 0 0 0 0 0 0 0 0 0 0 0 0 0 0 0 0 0 0 
0 2 0 1 0 0 0 0 0 0 0 0 0 0 0 0 0 0 0 0 0 0 0 0 0 
0 0 2 0 1 0 0 0 0 0 0 0 0 0 0 0 0 0 0 0 0 0 0 0 0 
0 0 0 2 0 6 1 0 0 0 0 0 0 0 0 0 0 0 0 0 0 0 0 0 0 
4 0 0 0 7 0 5 8 3 6 0 0 0 0 0 0 0 0 0 0 0 0 0 0 0 
7 0 0 0 2 5 0 1 0 0 0 0 0 0 0 0 0 0 0 0 0 0 0 0 0 
0 0 0 0 0 0 2 0 6 1 0 0 0 0 0 0 0 0 0 0 0 0 0 0 0 
0 0 0 0 0 4 0 7 0 5 8 8 8 3 6 0 0 0 0 0 0 0 0 0 0 
0 0 0 0 0 7 0 2 5 0 1 0 0 0 0 0 0 0 0 0 0 0 0 0 0 
0 0 0 0 0 0 0 0 0 2 0 1 0 0 0 0 0 0 0 0 0 0 0 0 0 
0 0 0 0 0 0 0 0 0 0 2 0 1 0 0 0 0 0 0 0 0 0 0 0 0 
0 0 0 0 0 0 0 0 0 0 0 2 0 6 1 0 0 0 0 0 0 0 0 0 0 
0 0 0 0 0 0 0 0 4 0 0 0 7 0 5 8 3 6 0 0 0 0 0 0 0 
0 0 0 0 0 0 0 0 7 0 0 0 2 5 0 1 0 0 0 0 0 0 0 0 0 
0 0 0 0 0 0 0 0 0 0 0 0 0 0 2 0 6 1 0 0 0 0 0 0 0 
0 0 0 0 0 0 0 0 0 0 0 0 0 4 0 7 0 5 3 6 0 0 0 0 0 
0 0 0 0 0 0 0 0 0 0 0 0 0 7 0 2 5 0 6 1 0 0 0 0 0 
0 0 0 0 0 0 0 0 0 0 0 0 0 0 0 0 4 7 0 5 3 6 0 0 0 
0 0 0 0 0 0 0 0 0 0 0 0 0 0 0 0 7 2 5 0 6 1 0 0 0 
0 0 0 0 0 0 0 0 0 0 0 0 0 0 0 0 0 0 4 7 0 5 8 3 6 
0 0 0 0 0 0 0 0 0 0 0 0 0 0 0 0 0 0 7 2 5 0 1 0 0 
0 0 0 0 0 0 0 0 0 0 0 0 0 0 0 0 0 0 0 0 0 2 0 6 1 
0 0 0 0 0 0 0 0 0 0 0 0 0 0 0 0 0 0 0 0 4 0 7 0 5 
0 0 0 0 0 0 0 0 0 0 0 0 0 0 0 0 0 0 0 0 7 0 2 5 0 
R: 
1.0 0.0 0.0 0.0 0.0 0.0 1.0 0.0 1.0 0.0 1.0 
1.0 0.0 0.0 0.0 0.0 0.0 0.25 0.0 0.0 1.0 0.0 
0.0 0.0 0.0 1.0 0.0 0.0 0.25 0.0555555559694767 0.0 1.0 0.0 
0.0 1.0 0.0 0.0 0.0 0.0 0.25 0.1111111119389534 0.0 1.0 0.0 
0.0 0.0 0.0 1.0 0.0 0.0 0.25 0.1666666716337204 0.0 1.0 0.0 
0.0 0.0 1.0 0.0 0.0 0.0 0.5 0.2222222238779068 1.0 0.0 1.0 
0.0 0.0 1.0 0.0 0.0 0.0 0.25 0.2222222238779068 0.0 1.0 0.0 
0.0 0.0 0.0 1.0 0.0 0.0 0.25 0.2777777910232544 0.0 1.0 0.0 
1.0 0.0 0.0 0.0 0.0 0.0 1.0 0.3333333432674408 1.0 0.0 1.0 
1.0 0.0 0.0 0.0 0.0 0.0 0.25 0.3333333432674408 0.0 1.0 0.0 
0.0 0.0 0.0 1.0 0.0 0.0 0.25 0.3888888955116272 0.0 1.0 0.0 
0.0 1.0 0.0 0.0 0.0 0.0 0.25 0.4444444477558136 0.0 1.0 0.0 
0.0 0.0 0.0 1.0 0.0 0.0 0.25 0.5 0.0 1.0 0.0 
0.0 0.0 1.0 0.0 0.0 0.0 0.5 0.5555555820465088 1.0 0.0 1.0 
0.0 0.0 1.0 0.0 0.0 0.0 0.25 0.5555555820465088 0.0 1.0 0.0 
0.0 0.0 0.0 1.0 0.0 0.0 0.25 0.6111111044883728 0.0 1.0 0.0 
1.0 0.0 0.0 0.0 0.0 0.0 0.25 0.6666666865348816 1.0 0.0 1.0 
1.0 0.0 0.0 0.0 0.0 0.0 0.25 0.6666666865348816 0.0 1.0 0.0 
0.0 0.0 0.0 1.0 0.0 0.0 0.25 0.7222222089767456 1.0 0.0 1.0 
0.0 0.0 0.0 1.0 0.0 0.0 0.25 0.7222222089767456 0.0 1.0 0.0 
0.0 1.0 0.0 0.0 0.0 0.0 1.0 0.7777777910232544 1.0 0.0 1.0 
0.0 1.0 0.0 0.0 0.0 0.0 0.5 0.7777777910232544 0.0 1.0 0.0 
0.0 0.0 1.0 0.0 0.0 0.0 0.5 0.8888888955116272 0.0 1.0 0.0 
1.0 0.0 0.0 0.0 0.0 0.0 1.5 1.0 1.0 0.0 1.0 
1.0 0.0 0.0 0.0 0.0 0.0 1.5 1.0 0.0 1.0 0.0 
../../../SchenkerDiff/schenkerian_clusters/Chorale_41300/Chorale_41300_segment_04

N=8
X: 
12 11 15 14 12 12 15 7 
E: 
0 5 3 6 0 0 0 0 
5 0 6 1 0 0 0 0 
4 7 0 5 8 3 0 0 
7 2 5 0 1 0 0 0 
0 0 0 2 0 8 6 1 
0 0 4 0 0 0 3 6 
0 0 0 0 7 4 0 5 
0 0 0 0 2 7 5 0 
R: 
0.0 0.0 1.0 0.0 0.0 0.0 0.5 0.25 1.0 0.0 1.0 
0.0 0.0 1.0 0.0 0.0 0.0 0.5 0.25 0.0 1.0 0.0 
0.0 1.0 0.0 0.0 0.0 0.0 0.75 0.5 1.0 0.0 1.0 
0.0 1.0 0.0 0.0 0.0 0.0 0.5 0.5 0.0 1.0 0.0 
0.0 0.0 1.0 0.0 0.0 0.0 0.5 0.75 0.0 1.0 0.0 
0.0 0.0 0.0 1.0 0.0 0.0 0.25 0.875 1.0 0.0 1.0 
1.0 0.0 0.0 0.0 0.0 0.0 0.5 1.0 1.0 0.0 1.0 
1.0 0.0 0.0 0.0 0.0 0.0 0.5 1.0 0.0 1.0 0.0 
../../../SchenkerDiff/schenkerian_clusters/Chorale_42400/Chorale_42400_segment_03

